5 0.0022270679473876953
6 0.002351999282836914
7 0.002260446548461914
8 0.0028600692749023438
9 0.002170562744140625
10 0.0029027462005615234
11 0.0039048194885253906
12 0.0031104087829589844
13 0.0035469532012939453
14 0.004601478576660156
15 0.001657247543334961
16 0.0011661052703857422
17 0.0010981559753417969
18 0.001711130142211914
19 0.0011098384857177734
20 0.001119852066040039
21 0.0011789798736572266
22 0.001379251480102539
23 0.0015037059783935547
24 0.001262664794921875
25 0.0012857913970947266
26 0.0014979839324951172
27 0.0013833045959472656
28 0.001756906509399414
29 0.0014922618865966797
30 0.00176239013671875
31 0.0015022754669189453
32 0.0015609264373779297
33 0.003476858139038086
34 0.0017931461334228516
35 0.001809835433959961
36 0.0018086433410644531
37 0.003744363784790039
38 0.0021066665649414062
39 0.0021126270294189453
40 0.0027709007263183594
41 0.002106189727783203
42 0.002054929733276367
43 0.002081632614135742
44 0.0032196044921875
45 0.002315998077392578
46 0.002251148223876953
47 0.002325773239135742
48 0.0034821033477783203
49 0.002426624298095703
50 0.00241851806640625
51 0.00255584716796875
52 0.002479076385498047
53 0.0025382041931152344
54 0.0025382041931152344
55 0.0027921199798583984
56 0.0027370452880859375
57 0.0027894973754882812
58 0.0027735233306884766
59 0.002858400344848633
60 0.003003358840942383
61 0.0030443668365478516
62 0.0029702186584472656
63 0.0030312538146972656
64 0.0031173229217529297
65 0.0033419132232666016
66 0.0033817291259765625
67 0.003406047821044922
68 0.0034859180450439453
69 0.007086753845214844
70 0.008330821990966797
71 0.01622796058654785
72 0.01634049415588379
73 0.01670050621032715
74 0.016126155853271484
75 0.01602029800415039
76 0.016962051391601562
77 0.018034934997558594
78 0.017884254455566406
79 0.014282941818237305
80 0.017030715942382812
81 0.017782926559448242
82 0.018334388732910156
83 0.019213438034057617
84 0.018578767776489258
85 0.019567489624023438
86 0.01881694793701172
87 0.015496492385864258
88 0.006323814392089844
89 0.0066070556640625
90 0.004527091979980469
91 0.007085561752319336
92 0.007034778594970703
93 0.005613803863525391
94 0.007053852081298828
95 0.004341840744018555
96 0.006653308868408203
97 0.005897998809814453
98 0.004340648651123047
99 0.005600452423095703
100 0.00463414192199707
101 0.005806684494018555
102 0.004996061325073242
103 0.004998683929443359
104 0.006010770797729492
105 0.005008220672607422
106 0.005676746368408203
107 0.006986141204833984
108 0.006979227066040039
109 0.008539676666259766
110 0.0063762664794921875
111 0.008217811584472656
112 0.007235288619995117
113 0.0064084529876708984
114 0.012987136840820312
115 0.02512955665588379
116 0.014811038970947266
117 0.018344640731811523
118 0.01591348648071289
119 0.017301082611083984
120 0.01719832420349121
121 0.023346662521362305
122 0.014537334442138672
123 0.014232873916625977
124 0.022562026977539062
125 0.01723337173461914
126 0.024358034133911133
127 0.02698802947998047
128 0.020352840423583984
129 0.0048863887786865234
130 0.004842519760131836
131 0.0049839019775390625
132 0.0049228668212890625
133 0.009734153747558594
134 0.01124715805053711
135 0.006208181381225586
136 0.009196281433105469
137 0.005883932113647461
138 0.005869388580322266
139 0.007569551467895508
140 0.006329536437988281
141 0.00865316390991211
142 0.006447315216064453
143 0.006146907806396484
144 0.0068967342376708984
145 0.007363080978393555
146 0.007210731506347656
147 0.00684046745300293
148 0.008122920989990234
149 0.007160663604736328
150 0.007367372512817383
151 0.009960174560546875
152 0.016414880752563477
153 0.016530275344848633
154 0.016753196716308594
155 0.016930580139160156
156 0.016976118087768555
157 0.017493486404418945
158 0.031150102615356445
159 0.03252220153808594
160 0.03059864044189453
161 0.019085168838500977
162 0.016962051391601562
163 0.017221927642822266
164 0.02102804183959961
165 0.007364749908447266
166 0.00599360466003418
167 0.007008790969848633
168 0.007864713668823242
169 0.0074536800384521484
170 0.006606578826904297
171 0.007760524749755859
172 0.0075168609619140625
173 0.007070779800415039
174 0.0073261260986328125
175 0.008025646209716797
176 0.007659435272216797
177 0.0074024200439453125
178 0.007131338119506836
179 0.007521867752075195
180 0.007281064987182617
181 0.007547616958618164
182 0.007456541061401367
183 0.007570981979370117
184 0.007673501968383789
185 0.008041620254516602
186 0.007891416549682617
187 0.008035421371459961
188 0.008462190628051758
189 0.008759021759033203
190 0.008712530136108398
191 0.017415761947631836
192 0.025788545608520508
193 0.023958683013916016
194 0.022129297256469727
195 0.02265644073486328
196 0.021683692932128906
197 0.021206378936767578
198 0.03260636329650879
199 0.03576970100402832
200 0.035370588302612305
201 0.0398406982421875
202 0.009438753128051758
203 0.00840139389038086
204 0.008166790008544922
205 0.007905006408691406
206 0.008088111877441406
207 0.008014440536499023
208 0.00811457633972168
209 0.008348226547241211
210 0.00832819938659668
211 0.008528470993041992
212 0.008515596389770508
213 0.012836217880249023
214 0.009366035461425781
215 0.009257793426513672
216 0.009969472885131836
217 0.009432077407836914
218 0.009781122207641602
219 0.012574911117553711
220 0.012123346328735352
221 0.011611700057983398
222 0.02431178092956543
223 0.022905349731445312
224 0.022715091705322266
225 0.031058311462402344
226 0.0444188117980957
227 0.03288459777832031
228 0.02905750274658203
229 0.04022860527038574
230 0.02785038948059082
231 0.009172439575195312
232 0.008276224136352539
233 0.015079975128173828
234 0.013255119323730469
235 0.01103973388671875
236 0.011161088943481445
237 0.012028694152832031
238 0.009261131286621094
239 0.009991884231567383
240 0.009647130966186523
241 0.009842157363891602
242 0.010279178619384766
243 0.010158538818359375
244 0.010362386703491211
245 0.010152101516723633
246 0.010274171829223633
247 0.010394573211669922
248 0.01078176498413086
249 0.01128244400024414
250 0.011391639709472656
251 0.02431631088256836
252 0.030656814575195312
253 0.03822135925292969
254 0.0313265323638916
255 0.0284423828125
256 0.027251720428466797
257 0.02695178985595703
258 0.03809237480163574
259 0.023268461227416992
260 0.010260343551635742
261 0.01041102409362793
262 0.010270118713378906
263 0.011396408081054688
264 0.011040687561035156
265 0.01053619384765625
266 0.010828256607055664
267 0.010838985443115234
268 0.010869979858398438
269 0.011224508285522461
270 0.011181831359863281
271 0.011470794677734375
272 0.014167308807373047
273 0.019797563552856445
274 0.030814409255981445
275 0.035831451416015625
276 0.03152728080749512
277 0.029656410217285156
278 0.029363393783569336
279 0.05270838737487793
280 0.04546713829040527
281 0.03281068801879883
282 0.023014545440673828
283 0.009950876235961914
284 0.010328054428100586
285 0.01058197021484375
286 0.010852575302124023
287 0.01676797866821289
288 0.011312007904052734
289 0.012677431106567383
290 0.012379646301269531
291 0.012526512145996094
292 0.013019800186157227
293 0.013469219207763672
294 0.013329744338989258
295 0.013848066329956055
296 0.013756513595581055
297 0.030218839645385742
298 0.029982566833496094
299 0.030469894409179688
300 0.03828907012939453
301 0.0420384407043457
302 0.035550832748413086
303 0.030702590942382812
304 0.03271818161010742
305 0.022100448608398438
306 0.011068105697631836
307 0.013877391815185547
308 0.015479564666748047
309 0.012318849563598633
310 0.012349128723144531
311 0.012645244598388672
312 0.012607574462890625
313 0.012656688690185547
314 0.012980222702026367
315 0.012797117233276367
316 0.012955665588378906
317 0.013994932174682617
318 0.013384580612182617
319 0.014586687088012695
320 0.020137548446655273
321 0.037606239318847656
322 0.04053092002868652
323 0.036635398864746094
324 0.03326678276062012
325 0.03421330451965332
326 0.042230844497680664
327 0.05476832389831543
328 0.013498544692993164
329 0.012083053588867188
330 0.011622905731201172
331 0.011688709259033203
332 0.01210474967956543
333 0.012394905090332031
334 0.012599945068359375
335 0.013570547103881836
336 0.018364429473876953
337 0.014734029769897461
338 0.014859676361083984
339 0.022304773330688477
340 0.03875279426574707
341 0.038312435150146484
342 0.0368037223815918
343 0.03096628189086914
344 0.014395475387573242
345 0.013541460037231445
346 0.01419687271118164
347 0.01480245590209961
348 0.014770984649658203
349 0.015721559524536133
350 0.015799283981323242
351 0.015179157257080078
352 0.015204191207885742
353 0.01796722412109375
354 0.01656317710876465
355 0.0137786865234375
356 0.013951301574707031
357 0.01706409454345703
358 0.019243240356445312
359 0.016283273696899414
360 0.016054391860961914
361 0.01672816276550293
362 0.015328168869018555
363 0.01656031608581543
364 0.01566457748413086
365 0.016242504119873047
366 0.015923738479614258
367 0.017700672149658203
368 0.025243282318115234
369 0.0469663143157959
370 0.048071861267089844
371 0.047409772872924805
372 0.03970980644226074
373 0.04617428779602051
374 0.03174090385437012
375 0.017476797103881836
376 0.0165097713470459
377 0.015958070755004883
378 0.01642894744873047
379 0.016370296478271484
380 0.016190528869628906
381 0.01681232452392578
382 0.017522573471069336
383 0.017848968505859375
384 0.030607938766479492
385 0.05609917640686035
386 0.04812169075012207
387 0.04509902000427246
388 0.04117584228515625
389 0.051250457763671875
390 0.050420522689819336
391 0.01599860191345215
392 0.015497684478759766
393 0.01543426513671875
394 0.015668869018554688
395 0.015851497650146484
396 0.016040563583374023
397 0.016913175582885742
398 0.017028331756591797
399 0.018227338790893555
400 0.020265579223632812
401 0.027029991149902344
402 0.06400370597839355
403 0.044826507568359375
404 0.04625535011291504
405 0.06682848930358887
406 0.046822547912597656
407 0.030206918716430664
408 0.01611495018005371
409 0.015173196792602539
410 0.01581716537475586
411 0.026479005813598633
412 0.01774883270263672
413 0.01944565773010254
414 0.017321348190307617
415 0.01741790771484375
416 0.01803874969482422
417 0.018281221389770508
418 0.018952369689941406
419 0.018268585205078125
420 0.01933765411376953
421 0.030323266983032227
422 0.0560147762298584
423 0.05359792709350586
424 0.05008101463317871
425 0.048964738845825195
426 0.0394289493560791
427 0.016762256622314453
428 0.01703667640686035
429 0.01792430877685547
430 0.017817020416259766
431 0.018143892288208008
432 0.01877284049987793
433 0.01895618438720703
434 0.01914525032043457
435 0.03761768341064453
436 0.0611269474029541
437 0.05418515205383301
438 0.047226905822753906
439 0.046338558197021484
440 0.05139660835266113
441 0.02725529670715332
442 0.016681194305419922
443 0.018033266067504883
444 0.017752408981323242
445 0.017641305923461914
446 0.018350839614868164
447 0.019469499588012695
448 0.020119428634643555
449 0.02406167984008789
450 0.03602313995361328
451 0.054509639739990234
452 0.049152374267578125
453 0.04991722106933594
454 0.05595827102661133
455 0.05604887008666992
456 0.02130126953125
457 0.017322778701782227
458 0.018458843231201172
459 0.018298625946044922
460 0.025255680084228516
461 0.0253598690032959
462 0.023442983627319336
463 0.02333378791809082
464 0.02004718780517578
465 0.020582914352416992
466 0.020368099212646484
467 0.021331787109375
468 0.025847673416137695
469 0.05199313163757324
470 0.06034255027770996
471 0.06385970115661621
472 0.04070591926574707
473 0.01710796356201172
474 0.018848419189453125
475 0.026456117630004883
476 0.021248579025268555
477 0.02212667465209961
478 0.02042245864868164
479 0.023490190505981445
480 0.020766496658325195
481 0.02168893814086914
482 0.02534317970275879
483 0.06303596496582031
484 0.018056869506835938
485 0.021054506301879883
486 0.02204442024230957
487 0.020732402801513672
488 0.020905017852783203
489 0.021486520767211914
490 0.021332502365112305
491 0.022356748580932617
492 0.044560909271240234
493 0.04201245307922363
494 0.01999974250793457
495 0.021378755569458008
496 0.02156352996826172
497 0.022327661514282227
498 0.021109819412231445
499 0.021304607391357422
