5 0.0007328987121582031
6 0.0008289813995361328
7 0.0008168220520019531
8 0.0008268356323242188
9 0.0008642673492431641
10 0.0014033317565917969
11 0.0009672641754150391
12 0.0010514259338378906
13 0.0010619163513183594
14 0.0011336803436279297
15 0.0011494159698486328
16 0.0012035369873046875
17 0.001276254653930664
18 0.0012867450714111328
19 0.0013120174407958984
20 0.001359701156616211
21 0.0014030933380126953
22 0.0014221668243408203
23 0.0015299320220947266
24 0.0015172958374023438
25 0.0016100406646728516
26 0.001634836196899414
27 0.0028519630432128906
28 0.002591371536254883
29 0.0022897720336914062
30 0.0019364356994628906
31 0.002077341079711914
32 0.002521038055419922
33 0.002080202102661133
34 0.002095460891723633
35 0.002115011215209961
36 0.002192258834838867
37 0.0030012130737304688
38 0.002447843551635742
39 0.003589153289794922
40 0.004708051681518555
41 0.004018068313598633
42 0.004065752029418945
43 0.003824949264526367
44 0.0049591064453125
45 0.0040700435638427734
46 0.0051212310791015625
47 0.004303455352783203
48 0.004704952239990234
49 0.004138946533203125
50 0.0059168338775634766
51 0.004282474517822266
52 0.005918979644775391
53 0.004402875900268555
54 0.004488468170166016
55 0.0045316219329833984
56 0.004581451416015625
57 0.004622220993041992
58 0.0048863887786865234
59 0.004819154739379883
60 0.0051114559173583984
61 0.004984617233276367
62 0.00494694709777832
63 0.005091190338134766
64 0.00526881217956543
65 0.00530552864074707
66 0.0053098201751708984
67 0.005449771881103516
68 0.0053904056549072266
69 0.005873441696166992
70 0.005533933639526367
71 0.005727291107177734
72 0.00568842887878418
73 0.005837440490722656
74 0.005772113800048828
75 0.008243083953857422
76 0.00722956657409668
77 0.007544040679931641
78 0.006798982620239258
79 0.008067846298217773
80 0.007201671600341797
81 0.007708311080932617
82 0.008421182632446289
83 0.010883331298828125
84 0.008050203323364258
85 0.007953405380249023
86 0.007433891296386719
87 0.006152153015136719
88 0.003879547119140625
89 0.0040950775146484375
90 0.003620624542236328
91 0.003583192825317383
92 0.00416254997253418
93 0.0041141510009765625
94 0.004132270812988281
95 0.004982709884643555
96 0.005439281463623047
97 0.004433155059814453
98 0.004853487014770508
99 0.0064160823822021484
100 0.004931449890136719
101 0.005777835845947266
102 0.00446009635925293
103 0.004662275314331055
104 0.005146503448486328
105 0.004956483840942383
106 0.005173206329345703
107 0.0053331851959228516
108 0.005738258361816406
109 0.005769014358520508
110 0.005495548248291016
111 0.007779598236083984
112 0.0069904327392578125
113 0.005342245101928711
114 0.0068073272705078125
115 0.005834341049194336
116 0.005701541900634766
117 0.00595545768737793
118 0.005765438079833984
119 0.005919456481933594
120 0.008800029754638672
121 0.00901341438293457
122 0.008921623229980469
123 0.017098188400268555
124 0.018301963806152344
125 0.018411636352539062
126 0.018070697784423828
127 0.019361495971679688
128 0.013436079025268555
129 0.017731904983520508
130 0.015364408493041992
131 0.015979528427124023
132 0.01922011375427246
133 0.018011808395385742
134 0.012048721313476562
135 0.01932978630065918
136 0.019059419631958008
137 0.017550945281982422
138 0.010502099990844727
139 0.009345769882202148
140 0.0075871944427490234
141 0.005959510803222656
142 0.006642818450927734
143 0.005949735641479492
144 0.006933927536010742
145 0.006629467010498047
146 0.005938053131103516
147 0.00769352912902832
148 0.00730133056640625
149 0.006684780120849609
150 0.00630950927734375
151 0.006842851638793945
152 0.006613016128540039
153 0.006694316864013672
154 0.006777524948120117
155 0.006914854049682617
156 0.0072596073150634766
157 0.007352590560913086
158 0.007326841354370117
159 0.007404804229736328
160 0.009941816329956055
161 0.009459495544433594
162 0.007991790771484375
163 0.012259483337402344
164 0.013499021530151367
165 0.014678478240966797
166 0.013617515563964844
167 0.013360738754272461
168 0.012952089309692383
169 0.013177633285522461
170 0.012749195098876953
171 0.012658119201660156
172 0.01251530647277832
173 0.012900590896606445
174 0.012857437133789062
175 0.016993284225463867
176 0.01941967010498047
177 0.014349699020385742
178 0.014473676681518555
179 0.015886783599853516
180 0.014313936233520508
181 0.014926910400390625
182 0.010910749435424805
183 0.00732874870300293
184 0.006962776184082031
185 0.007466316223144531
186 0.007680177688598633
187 0.008059501647949219
188 0.007790327072143555
189 0.0078887939453125
190 0.016041994094848633
191 0.016359806060791016
192 0.013688325881958008
193 0.010443449020385742
194 0.011183738708496094
195 0.010663986206054688
196 0.011836528778076172
197 0.00899195671081543
198 0.009195804595947266
199 0.009031057357788086
200 0.008754730224609375
201 0.009491443634033203
202 0.008877038955688477
203 0.008958101272583008
204 0.008961200714111328
205 0.009034872055053711
206 0.008991241455078125
207 0.010041952133178711
208 0.00986337661743164
209 0.010009050369262695
210 0.015096902847290039
211 0.009115457534790039
212 0.008965492248535156
213 0.010137796401977539
214 0.01001739501953125
215 0.010615825653076172
216 0.011133670806884766
217 0.010569334030151367
218 0.010275840759277344
219 0.011177778244018555
220 0.011492252349853516
221 0.010424137115478516
222 0.009902477264404297
223 0.009795188903808594
224 0.010331869125366211
225 0.010614156723022461
226 0.010830402374267578
227 0.015837669372558594
228 0.018747329711914062
229 0.011078834533691406
230 0.009482860565185547
231 0.009917259216308594
232 0.010335445404052734
233 0.011406421661376953
234 0.010474681854248047
235 0.01033782958984375
236 0.01131296157836914
237 0.011370182037353516
238 0.010212421417236328
239 0.010377168655395508
240 0.010631561279296875
241 0.010756969451904297
242 0.01089334487915039
243 0.011713027954101562
244 0.011752605438232422
245 0.022210359573364258
246 0.018738985061645508
247 0.019402265548706055
248 0.020817995071411133
249 0.020067930221557617
250 0.01897907257080078
251 0.01820087432861328
252 0.0178983211517334
253 0.01816582679748535
254 0.03105473518371582
255 0.03004169464111328
256 0.025005340576171875
257 0.031239748001098633
258 0.013327598571777344
259 0.00995635986328125
260 0.010959625244140625
261 0.011215686798095703
262 0.010814666748046875
263 0.011022806167602539
264 0.010859251022338867
265 0.011291027069091797
266 0.011296510696411133
267 0.011843681335449219
268 0.014284610748291016
269 0.015072107315063477
270 0.01412653923034668
271 0.014782905578613281
272 0.019684314727783203
273 0.02207469940185547
274 0.020836353302001953
275 0.019504308700561523
276 0.019206523895263672
277 0.020039796829223633
278 0.025090932846069336
279 0.03412199020385742
280 0.027541637420654297
281 0.0296175479888916
282 0.02045154571533203
283 0.022641420364379883
284 0.019960641860961914
285 0.012130975723266602
286 0.010547399520874023
287 0.011428594589233398
288 0.021905183792114258
289 0.016237735748291016
290 0.01211237907409668
291 0.015293598175048828
292 0.016802549362182617
293 0.012950897216796875
294 0.01336050033569336
295 0.013697147369384766
296 0.013283252716064453
297 0.01330423355102539
298 0.013453006744384766
299 0.014184951782226562
300 0.015682458877563477
301 0.021392822265625
302 0.021877765655517578
303 0.027030467987060547
304 0.02532196044921875
305 0.024852275848388672
306 0.02729010581970215
307 0.0219271183013916
308 0.023725032806396484
309 0.02660655975341797
310 0.02752852439880371
311 0.026911020278930664
312 0.012489557266235352
313 0.012689590454101562
314 0.01374053955078125
315 0.01413869857788086
316 0.014014959335327148
317 0.01360321044921875
318 0.01360464096069336
319 0.014707088470458984
320 0.013977289199829102
321 0.015012979507446289
322 0.041062116622924805
323 0.03732872009277344
324 0.031067371368408203
325 0.03470158576965332
326 0.028078317642211914
327 0.027991294860839844
328 0.03909873962402344
329 0.03162646293640137
330 0.03139615058898926
331 0.025173664093017578
332 0.012608766555786133
333 0.012379646301269531
334 0.013728618621826172
335 0.014027595520019531
336 0.014610767364501953
337 0.024809837341308594
338 0.01784515380859375
339 0.015929460525512695
340 0.018520355224609375
341 0.018191099166870117
342 0.015642642974853516
343 0.01608443260192871
344 0.015759944915771484
345 0.016170024871826172
346 0.015978336334228516
347 0.01712203025817871
348 0.02224254608154297
349 0.03869891166687012
350 0.036251068115234375
351 0.03974294662475586
352 0.03123760223388672
353 0.03410840034484863
354 0.03193330764770508
355 0.013948202133178711
356 0.017088651657104492
357 0.016452550888061523
358 0.01713705062866211
359 0.017992019653320312
360 0.01639103889465332
361 0.016574859619140625
362 0.016279220581054688
363 0.016484498977661133
364 0.018640518188476562
365 0.04946279525756836
366 0.045543670654296875
367 0.03757667541503906
368 0.034311532974243164
369 0.03396105766296387
370 0.04083728790283203
371 0.03502345085144043
372 0.027685165405273438
373 0.015336751937866211
374 0.015255212783813477
375 0.01628899574279785
376 0.01570415496826172
377 0.015864849090576172
378 0.016595840454101562
379 0.02265453338623047
380 0.018413782119750977
381 0.020781993865966797
382 0.0255281925201416
383 0.03785371780395508
384 0.0334470272064209
385 0.03399062156677246
386 0.042269229888916016
387 0.04546356201171875
388 0.04524350166320801
389 0.03519940376281738
390 0.02761554718017578
391 0.015727758407592773
392 0.015925884246826172
393 0.019962787628173828
394 0.021821022033691406
395 0.019239187240600586
396 0.0192716121673584
397 0.01987290382385254
398 0.02067732810974121
399 0.03574681282043457
400 0.035784244537353516
401 0.03533315658569336
402 0.044951677322387695
403 0.039694786071777344
404 0.04264950752258301
405 0.03740954399108887
406 0.035497426986694336
407 0.03528618812561035
408 0.01679515838623047
409 0.018280029296875
410 0.019522428512573242
411 0.01971888542175293
412 0.018381357192993164
413 0.019333839416503906
414 0.0191648006439209
415 0.020323991775512695
416 0.05273699760437012
417 0.04539322853088379
418 0.0400087833404541
419 0.04105854034423828
420 0.03768730163574219
421 0.04095625877380371
422 0.05585026741027832
423 0.02498149871826172
424 0.01728224754333496
425 0.018759727478027344
426 0.018054962158203125
427 0.018779993057250977
428 0.018765926361083984
429 0.01982903480529785
430 0.019422531127929688
431 0.022945165634155273
432 0.0320436954498291
433 0.044991254806518555
434 0.03854250907897949
435 0.03806138038635254
436 0.04851031303405762
437 0.04604840278625488
438 0.042572736740112305
439 0.029021024703979492
440 0.016974449157714844
441 0.01770186424255371
442 0.01796126365661621
443 0.018515348434448242
444 0.02817225456237793
445 0.02412867546081543
446 0.023521900177001953
447 0.020806550979614258
448 0.021097898483276367
449 0.021018028259277344
450 0.020037412643432617
451 0.020371675491333008
452 0.0215456485748291
453 0.030803203582763672
454 0.04499626159667969
455 0.04691505432128906
456 0.051660776138305664
457 0.038501739501953125
458 0.018027305603027344
459 0.02071070671081543
460 0.022237777709960938
461 0.02428412437438965
462 0.02242565155029297
463 0.0227205753326416
464 0.02072620391845703
465 0.02105259895324707
466 0.022485733032226562
467 0.05104804039001465
468 0.06701779365539551
469 0.06924939155578613
470 0.05222010612487793
471 0.06990194320678711
472 0.01865100860595703
473 0.019680261611938477
474 0.019194602966308594
475 0.02162790298461914
476 0.020849227905273438
477 0.0212709903717041
478 0.02160191535949707
479 0.02307891845703125
480 0.05842280387878418
481 0.06305074691772461
482 0.07468962669372559
483 0.053778648376464844
484 0.07000446319580078
485 0.019287109375
486 0.021394729614257812
487 0.02145528793334961
488 0.021155834197998047
489 0.022490501403808594
490 0.02165842056274414
491 0.022184371948242188
492 0.023786067962646484
493 0.042606353759765625
494 0.06824159622192383
495 0.06435132026672363
496 0.05451345443725586
497 0.06967663764953613
498 0.025823116302490234
499 0.02135014533996582
