5 0.0008995532989501953
6 0.0009126663208007812
7 0.0010142326354980469
8 0.0017592906951904297
9 0.002260446548461914
10 0.0014488697052001953
11 0.001397848129272461
12 0.0017421245574951172
13 0.0024254322052001953
14 0.0015802383422851562
15 0.001650094985961914
16 0.0017666816711425781
17 0.0029821395874023438
18 0.002123117446899414
19 0.0018732547760009766
20 0.0031278133392333984
21 0.0024385452270507812
22 0.002027750015258789
23 0.0021762847900390625
24 0.002147197723388672
25 0.0021963119506835938
26 0.0022521018981933594
27 0.002700328826904297
28 0.002369403839111328
29 0.00243377685546875
30 0.002498626708984375
31 0.002538919448852539
32 0.0026412010192871094
33 0.002674579620361328
34 0.0029044151306152344
35 0.0028142929077148438
36 0.002835988998413086
37 0.0029282569885253906
38 0.0029692649841308594
39 0.0030574798583984375
40 0.003055095672607422
41 0.003130674362182617
42 0.003195047378540039
43 0.0032396316528320312
44 0.0032846927642822266
45 0.0034668445587158203
46 0.0034170150756835938
47 0.0034732818603515625
48 0.0040132999420166016
49 0.0036177635192871094
50 0.003694772720336914
51 0.0037233829498291016
52 0.003807544708251953
53 0.003820657730102539
54 0.0039005279541015625
55 0.004003047943115234
56 0.004095554351806641
57 0.004196643829345703
58 0.00451350212097168
59 0.004363059997558594
60 0.0043256282806396484
61 0.006989002227783203
62 0.007029294967651367
63 0.008197546005249023
64 0.008965015411376953
65 0.009014368057250977
66 0.00909113883972168
67 0.0047762393951416016
68 0.0050699710845947266
69 0.0052585601806640625
70 0.005143642425537109
71 0.005347013473510742
72 0.005340099334716797
73 0.005764007568359375
74 0.005276918411254883
75 0.005494356155395508
76 0.004432201385498047
77 0.0033829212188720703
78 0.003278493881225586
79 0.0033495426177978516
80 0.0038144588470458984
81 0.003542661666870117
82 0.003591299057006836
83 0.004085063934326172
84 0.003958702087402344
85 0.004090070724487305
86 0.0040895938873291016
87 0.004194021224975586
88 0.004290580749511719
89 0.004301309585571289
90 0.0043201446533203125
91 0.0057373046875
92 0.005837440490722656
93 0.007552623748779297
94 0.005494356155395508
95 0.004560232162475586
96 0.006973981857299805
97 0.004828691482543945
98 0.007142543792724609
99 0.005065202713012695
100 0.005282163619995117
101 0.005562782287597656
102 0.005957841873168945
103 0.006627559661865234
104 0.005271196365356445
105 0.006103038787841797
106 0.0059778690338134766
107 0.00547337532043457
108 0.006224155426025391
109 0.005415201187133789
110 0.005403757095336914
111 0.005639553070068359
112 0.005480289459228516
113 0.005980014801025391
114 0.0061647891998291016
115 0.00649571418762207
116 0.01132345199584961
117 0.01515817642211914
118 0.015312671661376953
119 0.014675140380859375
120 0.015644550323486328
121 0.016015291213989258
122 0.010700464248657227
123 0.011845111846923828
124 0.010929107666015625
125 0.01232767105102539
126 0.008985280990600586
127 0.008603572845458984
128 0.008959770202636719
129 0.009090185165405273
130 0.009346961975097656
131 0.008971691131591797
132 0.0085296630859375
133 0.008704185485839844
134 0.010558843612670898
135 0.01685047149658203
136 0.008774757385253906
137 0.010026693344116211
138 0.006882429122924805
139 0.006238460540771484
140 0.006734609603881836
141 0.006283283233642578
142 0.006334066390991211
143 0.008076190948486328
144 0.008252620697021484
145 0.007021188735961914
146 0.007201194763183594
147 0.007034778594970703
148 0.0074253082275390625
149 0.009220361709594727
150 0.007987499237060547
151 0.007044315338134766
152 0.0075740814208984375
153 0.010101795196533203
154 0.015087127685546875
155 0.01555180549621582
156 0.01641845703125
157 0.012682437896728516
158 0.01924300193786621
159 0.019893646240234375
160 0.020085811614990234
161 0.017374515533447266
162 0.012650012969970703
163 0.012388944625854492
164 0.010340213775634766
165 0.010341644287109375
166 0.010520219802856445
167 0.010594844818115234
168 0.012349605560302734
169 0.014460325241088867
170 0.014969825744628906
171 0.01550745964050293
172 0.01578831672668457
173 0.016248464584350586
174 0.016707420349121094
175 0.016164541244506836
176 0.016608238220214844
177 0.0172271728515625
178 0.013442754745483398
179 0.009300947189331055
180 0.01397848129272461
181 0.01566457748413086
182 0.014662981033325195
183 0.008231878280639648
184 0.009059667587280273
185 0.00968027114868164
186 0.009453535079956055
187 0.010096549987792969
188 0.009554624557495117
189 0.010567903518676758
190 0.010160446166992188
191 0.010190486907958984
192 0.00901174545288086
193 0.009374856948852539
194 0.009183883666992188
195 0.00936436653137207
196 0.009273052215576172
197 0.009875774383544922
198 0.02019476890563965
199 0.029547691345214844
200 0.02414107322692871
201 0.0157315731048584
202 0.018848180770874023
203 0.018260478973388672
204 0.017842531204223633
205 0.01699686050415039
206 0.016016244888305664
207 0.01593756675720215
208 0.016286134719848633
209 0.025158166885375977
210 0.01769280433654785
211 0.010860443115234375
212 0.011690378189086914
213 0.012225627899169922
214 0.011419057846069336
215 0.01089787483215332
216 0.011101484298706055
217 0.009870052337646484
218 0.009941577911376953
219 0.009862899780273438
220 0.010194778442382812
221 0.010503292083740234
222 0.010405540466308594
223 0.01816415786743164
224 0.025442838668823242
225 0.026173114776611328
226 0.0194246768951416
227 0.03126239776611328
228 0.02113962173461914
229 0.01866006851196289
230 0.01756763458251953
231 0.017386198043823242
232 0.017536640167236328
233 0.019864797592163086
234 0.0219728946685791
235 0.02184438705444336
236 0.028100252151489258
237 0.022114992141723633
238 0.01436161994934082
239 0.009623527526855469
240 0.010078191757202148
241 0.01062321662902832
242 0.01073598861694336
243 0.010727167129516602
244 0.011216163635253906
245 0.021009206771850586
246 0.01847386360168457
247 0.015964508056640625
248 0.013900041580200195
249 0.015500783920288086
250 0.015393733978271484
251 0.013905763626098633
252 0.014487266540527344
253 0.012173652648925781
254 0.012083292007446289
255 0.011818647384643555
256 0.011921167373657227
257 0.012777566909790039
258 0.024460792541503906
259 0.03447723388671875
260 0.023394107818603516
261 0.02151799201965332
262 0.02305150032043457
263 0.022404193878173828
264 0.02055811882019043
265 0.020753860473632812
266 0.020578622817993164
267 0.02022075653076172
268 0.021077871322631836
269 0.011792421340942383
270 0.01233983039855957
271 0.013048410415649414
272 0.01326298713684082
273 0.013072967529296875
274 0.013298749923706055
275 0.013245105743408203
276 0.013040542602539062
277 0.01290440559387207
278 0.012897014617919922
279 0.014020681381225586
280 0.013915538787841797
281 0.019075393676757812
282 0.023653507232666016
283 0.0319819450378418
284 0.02384209632873535
285 0.024669170379638672
286 0.025198936462402344
287 0.02184128761291504
288 0.021395206451416016
289 0.021415233612060547
290 0.026446819305419922
291 0.024498939514160156
292 0.021897077560424805
293 0.012597084045410156
294 0.016203641891479492
295 0.017645597457885742
296 0.013161420822143555
297 0.013480424880981445
298 0.01366281509399414
299 0.013473033905029297
300 0.01543736457824707
301 0.014709949493408203
302 0.020134449005126953
303 0.015276193618774414
304 0.01905512809753418
305 0.026537179946899414
306 0.02399444580078125
307 0.023453474044799805
308 0.023261547088623047
309 0.02286815643310547
310 0.024216651916503906
311 0.030674457550048828
312 0.03067302703857422
313 0.031577348709106445
314 0.028251171112060547
315 0.024803876876831055
316 0.023436307907104492
317 0.02373218536376953
318 0.024219512939453125
319 0.016205310821533203
320 0.015378713607788086
321 0.018085479736328125
322 0.01668381690979004
323 0.016355037689208984
324 0.016330480575561523
325 0.015462160110473633
326 0.015598058700561523
327 0.015953540802001953
328 0.016379117965698242
329 0.017015457153320312
330 0.029094457626342773
331 0.04638814926147461
332 0.028036117553710938
333 0.029793977737426758
334 0.03002023696899414
335 0.027367830276489258
336 0.027858734130859375
337 0.04296755790710449
338 0.01901531219482422
339 0.01796555519104004
340 0.017090797424316406
341 0.01693248748779297
342 0.01630115509033203
343 0.017107486724853516
344 0.017223834991455078
345 0.016627073287963867
346 0.017750024795532227
347 0.01799631118774414
348 0.027004480361938477
349 0.03140544891357422
350 0.029691696166992188
351 0.03220367431640625
352 0.030712604522705078
353 0.027569293975830078
354 0.02745199203491211
355 0.03487658500671387
356 0.03192496299743652
357 0.018673419952392578
358 0.016556739807128906
359 0.01878190040588379
360 0.016738414764404297
361 0.01809835433959961
362 0.01635146141052246
363 0.016860485076904297
364 0.017424821853637695
365 0.017692089080810547
366 0.01885676383972168
367 0.021543502807617188
368 0.01831841468811035
369 0.01934814453125
370 0.019089460372924805
371 0.018157482147216797
372 0.01863837242126465
373 0.018292665481567383
374 0.019043445587158203
375 0.0196378231048584
376 0.03507661819458008
377 0.04872894287109375
378 0.03755021095275879
379 0.029265880584716797
380 0.017798662185668945
381 0.01677250862121582
382 0.016683340072631836
383 0.018027782440185547
384 0.022469758987426758
385 0.02739691734313965
386 0.022199153900146484
387 0.04325056076049805
388 0.05261564254760742
389 0.045935869216918945
390 0.05600619316101074
391 0.051628828048706055
392 0.051973819732666016
393 0.047576904296875
394 0.048248291015625
395 0.02996039390563965
396 0.01786494255065918
397 0.018446922302246094
398 0.018836498260498047
399 0.019037723541259766
400 0.01907491683959961
401 0.019493818283081055
402 0.020944595336914062
403 0.025560379028320312
404 0.04990196228027344
405 0.06135129928588867
406 0.05399680137634277
407 0.04094958305358887
408 0.016396045684814453
409 0.018427371978759766
410 0.021832942962646484
411 0.019158601760864258
412 0.020665884017944336
413 0.020136594772338867
414 0.02011728286743164
415 0.020882844924926758
416 0.020376920700073242
417 0.02088165283203125
418 0.022288084030151367
419 0.06231951713562012
420 0.06139636039733887
421 0.05771136283874512
422 0.050768136978149414
423 0.05064582824707031
424 0.032070159912109375
425 0.018557310104370117
426 0.01944565773010254
427 0.020216941833496094
428 0.019876718521118164
429 0.02019786834716797
430 0.020554542541503906
431 0.0222318172454834
432 0.03886866569519043
433 0.06065201759338379
434 0.060575246810913086
435 0.05227303504943848
436 0.07153129577636719
437 0.05094456672668457
438 0.018231868743896484
439 0.019103288650512695
440 0.020286083221435547
441 0.019531726837158203
442 0.02081298828125
443 0.021858930587768555
444 0.02180647850036621
445 0.07469797134399414
446 0.07104134559631348
447 0.05596923828125
448 0.051903724670410156
449 0.07762289047241211
450 0.021367311477661133
451 0.021831274032592773
452 0.02155447006225586
453 0.02094721794128418
454 0.021193981170654297
455 0.02188849449157715
456 0.022977113723754883
457 0.03198385238647461
458 0.060462236404418945
459 0.06089210510253906
460 0.057930946350097656
461 0.05403256416320801
462 0.061218976974487305
463 0.027212142944335938
464 0.021683454513549805
465 0.022649765014648438
466 0.022356510162353516
467 0.021587610244750977
468 0.02213287353515625
469 0.022593975067138672
470 0.023995399475097656
471 0.08297967910766602
472 0.062213897705078125
473 0.05933117866516113
474 0.05602717399597168
475 0.060236215591430664
476 0.022144556045532227
477 0.021501779556274414
478 0.020674467086791992
479 0.021896839141845703
480 0.022891998291015625
481 0.02274632453918457
482 0.02362823486328125
483 0.02551555633544922
484 0.06645488739013672
485 0.06388306617736816
486 0.06065225601196289
487 0.057736873626708984
488 0.05950784683227539
489 0.02077460289001465
490 0.021419286727905273
491 0.022123098373413086
492 0.023739337921142578
493 0.02362990379333496
494 0.024117708206176758
495 0.02571249008178711
496 0.046703338623046875
497 0.05716085433959961
498 0.05420660972595215
499 0.04958629608154297
