5 0.0008587837219238281
6 0.0008864402770996094
7 0.0010018348693847656
8 0.0009889602661132812
9 0.0010445117950439453
10 0.0010845661163330078
11 0.0011830329895019531
12 0.0011749267578125
13 0.0012183189392089844
14 0.0012650489807128906
15 0.002962827682495117
16 0.0032951831817626953
17 0.0032846927642822266
18 0.00337982177734375
19 0.0038475990295410156
20 0.003500223159790039
21 0.0037391185760498047
22 0.004866123199462891
23 0.007524728775024414
24 0.007650613784790039
25 0.007863759994506836
26 0.008102655410766602
27 0.008316755294799805
28 0.008302927017211914
29 0.00836181640625
30 0.008718252182006836
31 0.009106874465942383
32 0.00955963134765625
33 0.009819507598876953
34 0.009924650192260742
35 0.005919218063354492
36 0.008262157440185547
37 0.008978128433227539
38 0.0103759765625
39 0.009226083755493164
40 0.00687098503112793
41 0.006743192672729492
42 0.0064563751220703125
43 0.006556510925292969
44 0.004885673522949219
45 0.0021936893463134766
46 0.0023834705352783203
47 0.002286195755004883
48 0.002671480178833008
49 0.002897977828979492
50 0.00397491455078125
51 0.0038864612579345703
52 0.005265951156616211
53 0.004026889801025391
54 0.0027022361755371094
55 0.0035538673400878906
56 0.0027763843536376953
57 0.0029757022857666016
58 0.003292083740234375
59 0.0031218528747558594
60 0.003134012222290039
61 0.004136562347412109
62 0.005103349685668945
63 0.005125522613525391
64 0.00510859489440918
65 0.0058441162109375
66 0.003819704055786133
67 0.006056547164916992
68 0.0035979747772216797
69 0.0040395259857177734
70 0.004292726516723633
71 0.0037987232208251953
72 0.003989458084106445
73 0.0043256282806396484
74 0.004447460174560547
75 0.004325151443481445
76 0.004366874694824219
77 0.004785299301147461
78 0.006219387054443359
79 0.01038217544555664
80 0.010610103607177734
81 0.01032257080078125
82 0.010870218276977539
83 0.011000871658325195
84 0.010941028594970703
85 0.011023759841918945
86 0.011202573776245117
87 0.011380195617675781
88 0.011432170867919922
89 0.011499643325805664
90 0.011942625045776367
91 0.013730287551879883
92 0.021968364715576172
93 0.015532970428466797
94 0.013733863830566406
95 0.0150299072265625
96 0.013815879821777344
97 0.013205766677856445
98 0.013967037200927734
99 0.012278079986572266
100 0.016782045364379883
101 0.008746623992919922
102 0.004332542419433594
103 0.005680084228515625
104 0.0044519901275634766
105 0.005141496658325195
106 0.0052945613861083984
107 0.005304098129272461
108 0.00455474853515625
109 0.005918979644775391
110 0.005364894866943359
111 0.005297422409057617
112 0.00563812255859375
113 0.005096912384033203
114 0.005585432052612305
115 0.005726337432861328
116 0.005654335021972656
117 0.006129264831542969
118 0.005770444869995117
119 0.005834341049194336
120 0.005835294723510742
121 0.006186008453369141
122 0.006430149078369141
123 0.006327390670776367
124 0.006311893463134766
125 0.008985519409179688
126 0.01237797737121582
127 0.011232137680053711
128 0.02157902717590332
129 0.030409812927246094
130 0.023261308670043945
131 0.016696453094482422
132 0.016034841537475586
133 0.016477584838867188
134 0.01616048812866211
135 0.01616835594177246
136 0.019304513931274414
137 0.023291587829589844
138 0.025423765182495117
139 0.019123077392578125
140 0.0181119441986084
141 0.010647773742675781
142 0.006613492965698242
143 0.005878925323486328
144 0.005900144577026367
145 0.006212472915649414
146 0.005971670150756836
147 0.0061147212982177734
148 0.006259918212890625
149 0.006378889083862305
150 0.0063784122467041016
151 0.006944417953491211
152 0.008183479309082031
153 0.009900808334350586
154 0.009088993072509766
155 0.009622812271118164
156 0.010689496994018555
157 0.01091909408569336
158 0.008958101272583008
159 0.008732318878173828
160 0.008282899856567383
161 0.008554935455322266
162 0.008984088897705078
163 0.008735418319702148
164 0.019954919815063477
165 0.022568464279174805
166 0.01962900161743164
167 0.019398212432861328
168 0.019594907760620117
169 0.01970672607421875
170 0.030247926712036133
171 0.026155471801757812
172 0.024611473083496094
173 0.02237415313720703
174 0.02152252197265625
175 0.02180933952331543
176 0.02208685874938965
177 0.02126026153564453
178 0.012635469436645508
179 0.008451461791992188
180 0.007445812225341797
181 0.007816076278686523
182 0.008264780044555664
183 0.00912022590637207
184 0.008916854858398438
185 0.008842706680297852
186 0.00879526138305664
187 0.008481979370117188
188 0.009031057357788086
189 0.008517742156982422
190 0.009221553802490234
191 0.009441137313842773
192 0.008968830108642578
193 0.009589195251464844
194 0.010431051254272461
195 0.009756326675415039
196 0.03843355178833008
197 0.044062137603759766
198 0.039885520935058594
199 0.033245086669921875
200 0.04552102088928223
201 0.040808916091918945
202 0.03162431716918945
203 0.015518903732299805
204 0.0089569091796875
205 0.009470939636230469
206 0.009007453918457031
207 0.008845329284667969
208 0.009104728698730469
209 0.009469270706176758
210 0.00970005989074707
211 0.00933980941772461
212 0.009695768356323242
213 0.009636402130126953
214 0.011553049087524414
215 0.010093212127685547
216 0.010260343551635742
217 0.013662099838256836
218 0.01207423210144043
219 0.011900901794433594
220 0.02331233024597168
221 0.02921748161315918
222 0.028906583786010742
223 0.025308847427368164
224 0.025309324264526367
225 0.025709867477416992
226 0.03782057762145996
227 0.029349565505981445
228 0.032224416732788086
229 0.02910900115966797
230 0.019846439361572266
231 0.009649276733398438
232 0.009386539459228516
233 0.009683370590209961
234 0.01115560531616211
235 0.010935544967651367
236 0.011327266693115234
237 0.011316537857055664
238 0.013137102127075195
239 0.012856721878051758
240 0.010878801345825195
241 0.011097431182861328
242 0.011710643768310547
243 0.010948896408081055
244 0.011337995529174805
245 0.011308908462524414
246 0.011506795883178711
247 0.012076854705810547
248 0.012494087219238281
249 0.014682531356811523
250 0.028688430786132812
251 0.03508496284484863
252 0.0353856086730957
253 0.03180742263793945
254 0.033745527267456055
255 0.028914213180541992
256 0.05208110809326172
257 0.02191948890686035
258 0.012706995010375977
259 0.010883808135986328
260 0.011641740798950195
261 0.012117862701416016
262 0.01336526870727539
263 0.012584924697875977
264 0.012113571166992188
265 0.012535333633422852
266 0.012521743774414062
267 0.01302790641784668
268 0.015456199645996094
269 0.017865896224975586
270 0.0337066650390625
271 0.035981178283691406
272 0.03400874137878418
273 0.030522823333740234
274 0.031006574630737305
275 0.03960299491882324
276 0.035430908203125
277 0.036020517349243164
278 0.031250715255737305
279 0.011136770248413086
280 0.010986804962158203
281 0.01188349723815918
282 0.01270294189453125
283 0.020114660263061523
284 0.0189971923828125
285 0.014989614486694336
286 0.01743316650390625
287 0.015499591827392578
288 0.017041444778442383
289 0.014525651931762695
290 0.014131546020507812
291 0.013570308685302734
292 0.013611316680908203
293 0.014305830001831055
294 0.014687061309814453
295 0.024168968200683594
296 0.0340580940246582
297 0.04694700241088867
298 0.04111599922180176
299 0.03882408142089844
300 0.03530168533325195
301 0.03772282600402832
302 0.011725187301635742
303 0.014251708984375
304 0.015249013900756836
305 0.01535487174987793
306 0.014972686767578125
307 0.014280080795288086
308 0.01588916778564453
309 0.01374197006225586
310 0.014624357223510742
311 0.014210939407348633
312 0.015130996704101562
313 0.01993274688720703
314 0.04261493682861328
315 0.043831825256347656
316 0.03958702087402344
317 0.03508806228637695
318 0.03557324409484863
319 0.04549574851989746
320 0.04382753372192383
321 0.01616644859313965
322 0.013051748275756836
323 0.013912439346313477
324 0.014401912689208984
325 0.014261245727539062
326 0.0146636962890625
327 0.015497922897338867
328 0.0160677433013916
329 0.018355369567871094
330 0.01776862144470215
331 0.018750905990600586
332 0.03970456123352051
333 0.04018568992614746
334 0.03917694091796875
335 0.04501748085021973
336 0.06726861000061035
337 0.048326969146728516
338 0.041510581970214844
339 0.04015398025512695
340 0.045059919357299805
341 0.016578197479248047
342 0.016841888427734375
343 0.017270565032958984
344 0.017333984375
345 0.017548799514770508
346 0.016678333282470703
347 0.016893863677978516
348 0.017846107482910156
349 0.02563786506652832
350 0.07093691825866699
351 0.04600214958190918
352 0.049285173416137695
353 0.04235506057739258
354 0.037099599838256836
355 0.015315771102905273
356 0.016398906707763672
357 0.015803098678588867
358 0.01681375503540039
359 0.01670551300048828
360 0.01968097686767578
361 0.016616344451904297
362 0.017183303833007812
363 0.017439603805541992
364 0.02040243148803711
365 0.0511021614074707
366 0.06537079811096191
367 0.04335665702819824
368 0.042813777923583984
369 0.030501365661621094
370 0.017555952072143555
371 0.01928853988647461
372 0.02002120018005371
373 0.01820087432861328
374 0.016984224319458008
375 0.01708984375
376 0.017800092697143555
377 0.017368555068969727
378 0.017887353897094727
379 0.03190922737121582
380 0.02448248863220215
381 0.027004241943359375
382 0.06624054908752441
383 0.04522705078125
384 0.04527115821838379
385 0.05566287040710449
386 0.05152177810668945
387 0.03713345527648926
388 0.015629291534423828
389 0.016823530197143555
390 0.019375085830688477
391 0.019573450088500977
392 0.017592906951904297
393 0.01906728744506836
394 0.019399404525756836
395 0.020275354385375977
396 0.019001245498657227
397 0.01984572410583496
398 0.02030634880065918
399 0.025987863540649414
400 0.04750466346740723
401 0.05781412124633789
402 0.05722784996032715
403 0.04799056053161621
404 0.04716372489929199
405 0.021976470947265625
406 0.01787400245666504
407 0.019507169723510742
408 0.019997835159301758
409 0.020366430282592773
410 0.019551753997802734
411 0.019777297973632812
412 0.021072864532470703
413 0.03844189643859863
414 0.058268070220947266
415 0.05852866172790527
416 0.05185747146606445
417 0.0518798828125
418 0.056531667709350586
419 0.017571449279785156
420 0.018054485321044922
421 0.018908023834228516
422 0.01882314682006836
423 0.019752979278564453
424 0.020178556442260742
425 0.021001100540161133
426 0.023577213287353516
427 0.062314748764038086
428 0.05646657943725586
429 0.049706459045410156
430 0.06125354766845703
431 0.07310748100280762
432 0.03226423263549805
433 0.01741313934326172
434 0.018466949462890625
435 0.018753767013549805
436 0.0200502872467041
437 0.019658565521240234
438 0.023717641830444336
439 0.02198195457458496
440 0.02250957489013672
441 0.02296733856201172
442 0.022206544876098633
443 0.0213472843170166
444 0.021166086196899414
445 0.022273778915405273
446 0.03234577178955078
447 0.07751989364624023
448 0.060767412185668945
449 0.05431985855102539
450 0.03572988510131836
451 0.01992058753967285
452 0.020737886428833008
453 0.021212100982666016
454 0.021859169006347656
455 0.021407604217529297
456 0.02175450325012207
457 0.023089170455932617
458 0.0387418270111084
459 0.06287336349487305
460 0.06515860557556152
461 0.057962894439697266
462 0.05444765090942383
463 0.041628360748291016
464 0.021237850189208984
465 0.02145695686340332
466 0.021730422973632812
467 0.024367809295654297
468 0.02374887466430664
469 0.022949695587158203
470 0.025494813919067383
471 0.04458165168762207
472 0.055393218994140625
473 0.06514120101928711
474 0.044675588607788086
475 0.04829549789428711
476 0.040146589279174805
477 0.020556211471557617
478 0.023461341857910156
479 0.022234678268432617
480 0.021829605102539062
481 0.02238297462463379
482 0.02305316925048828
483 0.024637937545776367
484 0.047232866287231445
485 0.04975533485412598
486 0.04760861396789551
487 0.045766353607177734
488 0.0690462589263916
489 0.059198856353759766
490 0.02082538604736328
491 0.020926713943481445
492 0.02171182632446289
493 0.023110628128051758
494 0.02446436882019043
495 0.024146080017089844
496 0.02706289291381836
497 0.02357172966003418
498 0.02380847930908203
499 0.02454996109008789
