5 0.0007510185241699219
6 0.000827789306640625
7 0.0011870861053466797
8 0.00113677978515625
9 0.0009217262268066406
10 0.0009593963623046875
11 0.0009868144989013672
12 0.0010349750518798828
13 0.0010859966278076172
14 0.0017604827880859375
15 0.0011644363403320312
16 0.0012173652648925781
17 0.0012927055358886719
18 0.001474142074584961
19 0.0013620853424072266
20 0.0014274120330810547
21 0.0014553070068359375
22 0.001474618911743164
23 0.001535654067993164
24 0.001583099365234375
25 0.0018076896667480469
26 0.0016524791717529297
27 0.0017628669738769531
28 0.0017306804656982422
29 0.0017876625061035156
30 0.002054452896118164
31 0.0019381046295166016
32 0.0022983551025390625
33 0.002271890640258789
34 0.002053499221801758
35 0.002454996109008789
36 0.002342700958251953
37 0.0022287368774414062
38 0.002589702606201172
39 0.0024912357330322266
40 0.002317190170288086
41 0.002853870391845703
42 0.0027828216552734375
43 0.0026426315307617188
44 0.0030922889709472656
45 0.0027379989624023438
46 0.0031697750091552734
47 0.002858400344848633
48 0.0032618045806884766
49 0.002930164337158203
50 0.003904104232788086
51 0.005877971649169922
52 0.008977651596069336
53 0.0113067626953125
54 0.011322975158691406
55 0.011581659317016602
56 0.011676788330078125
57 0.01200723648071289
58 0.01164388656616211
59 0.011405229568481445
60 0.012123346328735352
61 0.012976408004760742
62 0.012889862060546875
63 0.012750387191772461
64 0.009237527847290039
65 0.013112545013427734
66 0.013264656066894531
67 0.013494253158569336
68 0.013738870620727539
69 0.013444662094116211
70 0.013665437698364258
71 0.0146484375
72 0.009307861328125
73 0.006326198577880859
74 0.0035202503204345703
75 0.003488302230834961
76 0.003419637680053711
77 0.0035927295684814453
78 0.005518198013305664
79 0.0036513805389404297
80 0.005140066146850586
81 0.004816532135009766
82 0.005785226821899414
83 0.005011081695556641
84 0.006630659103393555
85 0.004099607467651367
86 0.0061261653900146484
87 0.004216432571411133
88 0.005614042282104492
89 0.00471806526184082
90 0.005799055099487305
91 0.004469871520996094
92 0.004608631134033203
93 0.0045931339263916016
94 0.008220434188842773
95 0.009633064270019531
96 0.00965118408203125
97 0.009914636611938477
98 0.010631084442138672
99 0.010953664779663086
100 0.01420450210571289
101 0.015772104263305664
102 0.010156869888305664
103 0.015604496002197266
104 0.02007770538330078
105 0.020369768142700195
106 0.013865470886230469
107 0.011106491088867188
108 0.010450363159179688
109 0.02110004425048828
110 0.020326614379882812
111 0.018468618392944336
112 0.018283367156982422
113 0.013333320617675781
114 0.006611824035644531
115 0.005206108093261719
116 0.007360696792602539
117 0.008385419845581055
118 0.005177736282348633
119 0.006034374237060547
120 0.005555391311645508
121 0.006218671798706055
122 0.006181001663208008
123 0.0057790279388427734
124 0.007166624069213867
125 0.007570028305053711
126 0.005971431732177734
127 0.006218433380126953
128 0.0085296630859375
129 0.012774467468261719
130 0.012284517288208008
131 0.013902425765991211
132 0.00954890251159668
133 0.011200189590454102
134 0.020940542221069336
135 0.025651931762695312
136 0.024414539337158203
137 0.017461299896240234
138 0.013444900512695312
139 0.013164043426513672
140 0.01518106460571289
141 0.02628350257873535
142 0.0236971378326416
143 0.018393516540527344
144 0.0164029598236084
145 0.010700702667236328
146 0.007766008377075195
147 0.007015228271484375
148 0.008862018585205078
149 0.008848428726196289
150 0.00810098648071289
151 0.008362531661987305
152 0.007146358489990234
153 0.0070171356201171875
154 0.007047176361083984
155 0.007556438446044922
156 0.007169246673583984
157 0.01021575927734375
158 0.014978170394897461
159 0.015518903732299805
160 0.011420249938964844
161 0.009896993637084961
162 0.008842229843139648
163 0.017990827560424805
164 0.017896175384521484
165 0.019357681274414062
166 0.017774581909179688
167 0.016020536422729492
168 0.015505313873291016
169 0.01584935188293457
170 0.015811920166015625
171 0.016162395477294922
172 0.02547454833984375
173 0.021430492401123047
174 0.018541574478149414
175 0.019504547119140625
176 0.017482280731201172
177 0.018248796463012695
178 0.016620874404907227
179 0.0126495361328125
180 0.0074274539947509766
181 0.007545948028564453
182 0.0076487064361572266
183 0.008322715759277344
184 0.013154029846191406
185 0.009154558181762695
186 0.008573532104492188
187 0.008947134017944336
188 0.009404420852661133
189 0.009308815002441406
190 0.010279178619384766
191 0.012279272079467773
192 0.009424924850463867
193 0.009934425354003906
194 0.009086132049560547
195 0.009221076965332031
196 0.009417057037353516
197 0.00937652587890625
198 0.009698152542114258
199 0.010179519653320312
200 0.010041952133178711
201 0.015384197235107422
202 0.022719383239746094
203 0.01964259147644043
204 0.024722814559936523
205 0.02426600456237793
206 0.022863149642944336
207 0.02406144142150879
208 0.024812936782836914
209 0.01993703842163086
210 0.030126094818115234
211 0.03380846977233887
212 0.022269487380981445
213 0.009519815444946289
214 0.009335994720458984
215 0.009847640991210938
216 0.010306835174560547
217 0.010166645050048828
218 0.010076284408569336
219 0.01073455810546875
220 0.010581493377685547
221 0.010313987731933594
222 0.010210990905761719
223 0.01038813591003418
224 0.010422229766845703
225 0.010579109191894531
226 0.01075291633605957
227 0.011700630187988281
228 0.01460409164428711
229 0.021577835083007812
230 0.022485017776489258
231 0.024863481521606445
232 0.025697708129882812
233 0.021357059478759766
234 0.02094435691833496
235 0.022513866424560547
236 0.04224753379821777
237 0.030945301055908203
238 0.03470659255981445
239 0.029490232467651367
240 0.011529684066772461
241 0.009750127792358398
242 0.009844541549682617
243 0.010513067245483398
244 0.010792970657348633
245 0.018494844436645508
246 0.017234325408935547
247 0.015238046646118164
248 0.014169454574584961
249 0.014877080917358398
250 0.01819324493408203
251 0.016768217086791992
252 0.021435976028442383
253 0.01946258544921875
254 0.019174814224243164
255 0.019234895706176758
256 0.019208908081054688
257 0.020650863647460938
258 0.02828526496887207
259 0.023022174835205078
260 0.023083925247192383
261 0.021291255950927734
262 0.020557641983032227
263 0.020859956741333008
264 0.020604372024536133
265 0.020537376403808594
266 0.027027130126953125
267 0.010986328125
268 0.011812210083007812
269 0.012518167495727539
270 0.012600183486938477
271 0.012363672256469727
272 0.012796878814697266
273 0.01401519775390625
274 0.012378454208374023
275 0.012908935546875
276 0.012897729873657227
277 0.013628959655761719
278 0.013751983642578125
279 0.018027067184448242
280 0.0217592716217041
281 0.026006698608398438
282 0.02247023582458496
283 0.02456498146057129
284 0.027373313903808594
285 0.022783756256103516
286 0.021676063537597656
287 0.0219571590423584
288 0.021927833557128906
289 0.02773427963256836
290 0.022831201553344727
291 0.0229494571685791
292 0.012423992156982422
293 0.013499975204467773
294 0.013895511627197266
295 0.013252973556518555
296 0.013402938842773438
297 0.01320195198059082
298 0.013302803039550781
299 0.01674795150756836
300 0.013924360275268555
301 0.01894831657409668
302 0.01912546157836914
303 0.025285720825195312
304 0.0324094295501709
305 0.027637720108032227
306 0.022859573364257812
307 0.02355337142944336
308 0.02317357063293457
309 0.04125666618347168
310 0.028701066970825195
311 0.0256350040435791
312 0.032593727111816406
313 0.027648210525512695
314 0.013336181640625
315 0.01247715950012207
316 0.012714147567749023
317 0.023500442504882812
318 0.018075942993164062
319 0.015636920928955078
320 0.016789913177490234
321 0.015397071838378906
322 0.01578068733215332
323 0.016933441162109375
324 0.015920400619506836
325 0.01670217514038086
326 0.017307519912719727
327 0.02466750144958496
328 0.02715134620666504
329 0.030309438705444336
330 0.04057002067565918
331 0.03254389762878418
332 0.025779008865356445
333 0.026613235473632812
334 0.037384748458862305
335 0.03884267807006836
336 0.015979290008544922
337 0.018939733505249023
338 0.017781972885131836
339 0.017210006713867188
340 0.016652584075927734
341 0.016219139099121094
342 0.015903949737548828
343 0.01637125015258789
344 0.016758203506469727
345 0.03190016746520996
346 0.039624929428100586
347 0.04164910316467285
348 0.0333099365234375
349 0.02782416343688965
350 0.027078628540039062
351 0.029156923294067383
352 0.044556379318237305
353 0.03261423110961914
354 0.02168750762939453
355 0.015525341033935547
356 0.01579451560974121
357 0.016127824783325195
358 0.015587091445922852
359 0.016326189041137695
360 0.016907930374145508
361 0.01763606071472168
362 0.019188642501831055
363 0.020329952239990234
364 0.024654865264892578
365 0.03250408172607422
366 0.029328584671020508
367 0.03006720542907715
368 0.03465747833251953
369 0.04457974433898926
370 0.0405430793762207
371 0.03935694694519043
372 0.03015756607055664
373 0.030405759811401367
374 0.04199647903442383
375 0.018505573272705078
376 0.017255783081054688
377 0.017867326736450195
378 0.0198671817779541
379 0.019217967987060547
380 0.018429279327392578
381 0.01844310760498047
382 0.01959824562072754
383 0.03429698944091797
384 0.030205249786376953
385 0.03801774978637695
386 0.04432511329650879
387 0.03564000129699707
388 0.03007984161376953
389 0.03138232231140137
390 0.042064666748046875
391 0.026543617248535156
392 0.01888561248779297
393 0.018547534942626953
394 0.018694400787353516
395 0.0194089412689209
396 0.018903732299804688
397 0.019246816635131836
398 0.01944565773010254
399 0.020780563354492188
400 0.03361821174621582
401 0.04983854293823242
402 0.0396726131439209
403 0.03362560272216797
404 0.03211331367492676
405 0.032862186431884766
406 0.05088615417480469
407 0.03565168380737305
408 0.020843029022216797
409 0.020304203033447266
410 0.020199298858642578
411 0.018855571746826172
412 0.019257307052612305
413 0.019909381866455078
414 0.01993727684020996
415 0.022007465362548828
416 0.04403233528137207
417 0.0307161808013916
418 0.028133153915405273
419 0.029185771942138672
420 0.02706289291381836
421 0.027182817459106445
422 0.04021024703979492
423 0.03275918960571289
424 0.03799581527709961
425 0.02398061752319336
426 0.018415212631225586
427 0.019956350326538086
428 0.01908087730407715
429 0.0196840763092041
430 0.01988387107849121
431 0.033368825912475586
432 0.027590274810791016
433 0.03985881805419922
434 0.033052921295166016
435 0.028250932693481445
436 0.02724742889404297
437 0.027642488479614258
438 0.0392603874206543
439 0.03421807289123535
440 0.03178977966308594
441 0.031731605529785156
442 0.025831222534179688
443 0.018825769424438477
444 0.0184934139251709
445 0.019496679306030273
446 0.02117323875427246
447 0.022342681884765625
448 0.024453163146972656
449 0.022591590881347656
450 0.022383451461791992
451 0.021848678588867188
452 0.022057771682739258
453 0.022812843322753906
454 0.02338552474975586
455 0.0270845890045166
456 0.03710031509399414
457 0.032323360443115234
458 0.036768436431884766
459 0.029495716094970703
460 0.029444217681884766
461 0.029659032821655273
462 0.03135323524475098
463 0.022091388702392578
464 0.024727582931518555
465 0.029491186141967773
466 0.02257061004638672
467 0.02259683609008789
468 0.023313522338867188
469 0.025949716567993164
470 0.03227972984313965
471 0.042973995208740234
472 0.03758358955383301
473 0.03733563423156738
474 0.030715227127075195
475 0.030217409133911133
476 0.04024791717529297
477 0.038193702697753906
478 0.024553775787353516
479 0.025380611419677734
480 0.024176597595214844
481 0.022835969924926758
482 0.0230867862701416
483 0.023960113525390625
484 0.03583264350891113
485 0.04174375534057617
486 0.034139156341552734
487 0.034009695053100586
488 0.032318115234375
489 0.031577348709106445
490 0.03467154502868652
491 0.045351505279541016
492 0.04062175750732422
493 0.02834296226501465
494 0.021207094192504883
495 0.021872520446777344
496 0.022055387496948242
497 0.027530908584594727
498 0.03145623207092285
499 0.03291654586791992
