5 15007744
6 15007744
7 15007744
8 15007744
9 15007744
10 15007744
11 15007744
12 15007744
13 15007744
14 15007744
15 15007744
16 15007744
17 15007744
18 15007744
19 15007744
20 15007744
21 15007744
22 15007744
23 15007744
24 15007744
25 15007744
26 15007744
27 15007744
28 15007744
29 15007744
30 15007744
31 15007744
32 15007744
33 15007744
34 15007744
35 15007744
36 15007744
37 15007744
38 15007744
39 15007744
40 15007744
41 15007744
42 15007744
43 15007744
44 15007744
45 15007744
46 15007744
47 15007744
48 15007744
49 15007744
50 15007744
51 15007744
52 15007744
53 15007744
54 15007744
55 15007744
56 15007744
57 15007744
58 15007744
59 15007744
60 15007744
61 15007744
62 15007744
63 15007744
64 15007744
65 15007744
66 15007744
67 15007744
68 15007744
69 15007744
70 15007744
71 15007744
72 15007744
73 15007744
74 15007744
75 15007744
76 15007744
77 15007744
78 15007744
79 15007744
80 15007744
81 15007744
82 15007744
83 15007744
84 15007744
85 15007744
86 15007744
87 15007744
88 15007744
89 15007744
90 15007744
91 15007744
92 15007744
93 15007744
94 15007744
95 15007744
96 15007744
97 15007744
98 15007744
99 15007744
100 15007744
101 15007744
102 15007744
103 15007744
104 15007744
105 15007744
106 15007744
107 15007744
108 15007744
109 15007744
110 15007744
111 15007744
112 15007744
113 15007744
114 15007744
115 15007744
116 15007744
117 15007744
118 15007744
119 15007744
120 15007744
121 15007744
122 15007744
123 15007744
124 15007744
125 15007744
126 15007744
127 15007744
128 15007744
129 15007744
130 15007744
131 15007744
132 15007744
133 15007744
134 15007744
135 15007744
136 15007744
137 15007744
138 15007744
139 15007744
140 15007744
141 15007744
142 15007744
143 15007744
144 15007744
145 15007744
146 15007744
147 15007744
148 15007744
149 15007744
150 15007744
151 15007744
152 15007744
153 15007744
154 15007744
155 15007744
156 15007744
157 15007744
158 15007744
159 15007744
160 15007744
161 15007744
162 15007744
163 15007744
164 15007744
165 15007744
166 15007744
167 15007744
168 15007744
169 15007744
170 15007744
171 15007744
172 15007744
173 15007744
174 15007744
175 15007744
176 15007744
177 15007744
178 15007744
179 15007744
180 15007744
181 15007744
182 15007744
183 15007744
184 15007744
185 15007744
186 15007744
187 15007744
188 15007744
189 15007744
190 15007744
191 15007744
192 15007744
193 15007744
194 15007744
195 15007744
196 15007744
197 15007744
198 15007744
199 15007744
200 15007744
201 15007744
202 15007744
203 15007744
204 15007744
205 15007744
206 15007744
207 15007744
208 15007744
209 15007744
210 15007744
211 15007744
212 15007744
213 15007744
214 15007744
215 15007744
216 15007744
217 15007744
218 15007744
219 15007744
220 15007744
221 15007744
222 15007744
223 15007744
224 15007744
225 15007744
226 15007744
227 15007744
228 15007744
229 15007744
230 15007744
231 15007744
232 15007744
233 15007744
234 15007744
235 15007744
236 15007744
237 15007744
238 15007744
239 15007744
240 15007744
241 15007744
242 15007744
243 15007744
244 15007744
245 15007744
246 15007744
247 15007744
248 15007744
249 15007744
250 15007744
251 15007744
252 15007744
253 15007744
254 15007744
255 15007744
256 15007744
257 15007744
258 15007744
259 15007744
260 15007744
261 15007744
262 15007744
263 15007744
264 15007744
265 15007744
266 15007744
267 15007744
268 15007744
269 15007744
270 15007744
271 15007744
272 15007744
273 15007744
274 15007744
275 15007744
276 15007744
277 15007744
278 15007744
279 15007744
280 15007744
281 15007744
282 15007744
283 15007744
284 15007744
285 15007744
286 15007744
287 15007744
288 15007744
289 15007744
290 15007744
291 15007744
292 15007744
293 15007744
294 15007744
295 15007744
296 15007744
297 15007744
298 15007744
299 15007744
300 15007744
301 15007744
302 15007744
303 15007744
304 15007744
305 15007744
306 15007744
307 15007744
308 15007744
309 15007744
310 15007744
311 15007744
312 15007744
313 15007744
314 15007744
315 15007744
316 15007744
317 15007744
318 15007744
319 15007744
320 15007744
321 15007744
322 15007744
323 15007744
324 15007744
325 15007744
326 15007744
327 15007744
328 15007744
329 15007744
330 15007744
331 15007744
332 15007744
333 15007744
334 15007744
335 15007744
336 15007744
337 15007744
338 15007744
339 15007744
340 15007744
341 15007744
342 15007744
343 15007744
344 15007744
345 15007744
346 15007744
347 15007744
348 15007744
349 15007744
350 15007744
351 15007744
352 15007744
353 15007744
354 15007744
355 15007744
356 15007744
357 15007744
358 15007744
359 15007744
360 15007744
361 15007744
362 15007744
363 15007744
364 15007744
365 15007744
366 15007744
367 15007744
368 15007744
369 15007744
370 15007744
371 15007744
372 15007744
373 15007744
374 15007744
375 15007744
376 15007744
377 15007744
378 15007744
379 15007744
380 15007744
381 15007744
382 15007744
383 15007744
384 15007744
385 15007744
386 15007744
387 15007744
388 15007744
389 15007744
390 15007744
391 15007744
392 15007744
393 15007744
394 15007744
395 15007744
396 15007744
397 15007744
398 15007744
399 15007744
400 15007744
401 15007744
402 15007744
403 15007744
404 15007744
405 15007744
406 15007744
407 15007744
408 15007744
409 15007744
410 15007744
411 15007744
412 15007744
413 15007744
414 15007744
415 15007744
416 15007744
417 15007744
418 15007744
419 15007744
420 15007744
421 15007744
422 15007744
423 15007744
424 15007744
425 15007744
426 15007744
427 15007744
428 15007744
429 15007744
430 15007744
431 15007744
432 15007744
433 15007744
434 15007744
435 15007744
436 15007744
437 15007744
438 15007744
439 15007744
440 15007744
441 15007744
442 15007744
443 15007744
444 15007744
445 15007744
446 15007744
447 15007744
448 15007744
449 15007744
450 15007744
451 15007744
452 15007744
453 15007744
454 15007744
455 15007744
456 15007744
457 15007744
458 15007744
459 15007744
460 15122432
461 15122432
462 15122432
463 15122432
464 15122432
465 15122432
466 15122432
467 15122432
468 15122432
469 15122432
470 15122432
471 15122432
472 15122432
473 15122432
474 15122432
475 15122432
476 15122432
477 15122432
478 15122432
479 15122432
480 15122432
481 15122432
482 15122432
483 15122432
484 15122432
485 15122432
486 15122432
487 15122432
488 15122432
489 15122432
490 15122432
491 15122432
492 15122432
493 15122432
494 15122432
495 15122432
496 15122432
497 15122432
498 15122432
499 15122432
