5 0.0009815692901611328
6 0.0009999275207519531
7 0.0006620883941650391
8 0.0006906986236572266
9 0.0007297992706298828
10 0.0007872581481933594
11 0.0008003711700439453
12 0.0008585453033447266
13 0.0008611679077148438
14 0.0017995834350585938
15 0.0008940696716308594
16 0.0009274482727050781
17 0.0010159015655517578
18 0.0010480880737304688
19 0.001054525375366211
20 0.0010814666748046875
21 0.0011487007141113281
22 0.0011391639709472656
23 0.001188516616821289
24 0.0011985301971435547
25 0.0012712478637695312
26 0.001458883285522461
27 0.001268625259399414
28 0.001331329345703125
29 0.0014073848724365234
30 0.0014009475708007812
31 0.001432180404663086
32 0.0014803409576416016
33 0.0014951229095458984
34 0.0016295909881591797
35 0.0015864372253417969
36 0.0019102096557617188
37 0.0017042160034179688
38 0.0017385482788085938
39 0.0017359256744384766
40 0.0017573833465576172
41 0.001829385757446289
42 0.0018241405487060547
43 0.001855611801147461
44 0.0018672943115234375
45 0.0018763542175292969
46 0.0019230842590332031
47 0.002015352249145508
48 0.002235889434814453
49 0.0020020008087158203
50 0.002079010009765625
51 0.0021300315856933594
52 0.002074003219604492
53 0.002146005630493164
54 0.0022301673889160156
55 0.0022721290588378906
56 0.002259492874145508
57 0.002305746078491211
58 0.0022399425506591797
59 0.002397775650024414
60 0.0036017894744873047
61 0.004869937896728516
62 0.004917621612548828
63 0.004921674728393555
64 0.00500178337097168
65 0.0050525665283203125
66 0.005004405975341797
67 0.005077838897705078
68 0.0051801204681396484
69 0.0055468082427978516
70 0.0054149627685546875
71 0.005591392517089844
72 0.0029332637786865234
73 0.004547834396362305
74 0.00593876838684082
75 0.004154205322265625
76 0.0030477046966552734
77 0.003084897994995117
78 0.0030989646911621094
79 0.0031173229217529297
80 0.003040790557861328
81 0.0032472610473632812
82 0.0031349658966064453
83 0.0032982826232910156
84 0.003319978713989258
85 0.00345611572265625
86 0.003183603286743164
87 0.0035986900329589844
88 0.0036551952362060547
89 0.003671407699584961
90 0.003732919692993164
91 0.003524303436279297
92 0.0038106441497802734
93 0.003729581832885742
94 0.0035822391510009766
95 0.0038831233978271484
96 0.0038139820098876953
97 0.0038187503814697266
98 0.003893613815307617
99 0.003938913345336914
100 0.0038285255432128906
101 0.0038480758666992188
102 0.0037496089935302734
103 0.003866910934448242
104 0.004044771194458008
105 0.004094600677490234
106 0.004091501235961914
107 0.004326820373535156
108 0.0040738582611083984
109 0.004206180572509766
110 0.0044002532958984375
111 0.004339694976806641
112 0.004262208938598633
113 0.004295825958251953
114 0.004770755767822266
115 0.005689859390258789
116 0.004450082778930664
117 0.0052013397216796875
118 0.0044193267822265625
119 0.004407167434692383
120 0.005114555358886719
121 0.00448918342590332
122 0.005112886428833008
123 0.00455164909362793
124 0.0051763057708740234
125 0.0046613216400146484
126 0.0054471492767333984
127 0.004622697830200195
128 0.0053708553314208984
129 0.004952430725097656
130 0.005856752395629883
131 0.004716396331787109
132 0.006128549575805664
133 0.004869937896728516
134 0.004843473434448242
135 0.0051119327545166016
136 0.004782438278198242
137 0.004941225051879883
138 0.0051534175872802734
139 0.004996299743652344
140 0.004909515380859375
141 0.005194187164306641
142 0.005042552947998047
143 0.009371280670166016
144 0.010172367095947266
145 0.010622739791870117
146 0.01013040542602539
147 0.01030588150024414
148 0.01077127456665039
149 0.006957054138183594
150 0.010476112365722656
151 0.007016897201538086
152 0.006959438323974609
153 0.00548553466796875
154 0.008410453796386719
155 0.00671839714050293
156 0.0071294307708740234
157 0.009809732437133789
158 0.008967399597167969
159 0.008206844329833984
160 0.005599021911621094
161 0.006674766540527344
162 0.007138729095458984
163 0.005786418914794922
164 0.006003141403198242
165 0.005762338638305664
166 0.009178400039672852
167 0.01133584976196289
168 0.011546850204467773
169 0.011449098587036133
170 0.011306285858154297
171 0.009050846099853516
172 0.007610321044921875
173 0.006189584732055664
174 0.0061032772064208984
175 0.008699178695678711
176 0.0097198486328125
177 0.008705377578735352
178 0.009058237075805664
179 0.0076923370361328125
180 0.007552146911621094
181 0.0075397491455078125
182 0.007813453674316406
183 0.006529808044433594
184 0.006700038909912109
185 0.006508588790893555
186 0.006609439849853516
187 0.006490945816040039
188 0.006471872329711914
189 0.006726741790771484
190 0.006907939910888672
191 0.007143735885620117
192 0.00714874267578125
193 0.009528398513793945
194 0.011632919311523438
195 0.008602380752563477
196 0.008301496505737305
197 0.0068721771240234375
198 0.007653474807739258
199 0.007682085037231445
200 0.006943464279174805
201 0.0077517032623291016
202 0.007833003997802734
203 0.0077936649322509766
204 0.006996631622314453
205 0.007679939270019531
206 0.007200717926025391
207 0.007427692413330078
208 0.007128238677978516
209 0.007475376129150391
210 0.00727081298828125
211 0.007479667663574219
212 0.007220268249511719
213 0.007535696029663086
214 0.0076253414154052734
215 0.008100271224975586
216 0.009651422500610352
217 0.008966922760009766
218 0.009458303451538086
219 0.007981300354003906
220 0.007658481597900391
221 0.008551359176635742
222 0.008766889572143555
223 0.007982015609741211
224 0.009225130081176758
225 0.010460853576660156
226 0.008743762969970703
227 0.009044408798217773
228 0.009798526763916016
229 0.008280038833618164
230 0.00784158706665039
231 0.008266448974609375
232 0.008130788803100586
233 0.00818777084350586
234 0.008093118667602539
235 0.008209228515625
236 0.008085250854492188
237 0.008772611618041992
238 0.008525609970092773
239 0.009804010391235352
240 0.01063990592956543
241 0.008974552154541016
242 0.008721113204956055
243 0.008736610412597656
244 0.009029865264892578
245 0.009177923202514648
246 0.009048938751220703
247 0.009200811386108398
248 0.00878286361694336
249 0.009118080139160156
250 0.009145498275756836
251 0.011291265487670898
252 0.008986234664916992
253 0.008741617202758789
254 0.008850336074829102
255 0.008797883987426758
256 0.008916616439819336
257 0.009070158004760742
258 0.009523391723632812
259 0.01058816909790039
260 0.014494895935058594
261 0.011818408966064453
262 0.009218692779541016
263 0.009587764739990234
264 0.009300708770751953
265 0.009676694869995117
266 0.00986027717590332
267 0.009618997573852539
268 0.009853124618530273
269 0.011059045791625977
270 0.009589672088623047
271 0.009537458419799805
272 0.009348869323730469
273 0.009477615356445312
274 0.009459972381591797
275 0.010382413864135742
276 0.010217666625976562
277 0.018996238708496094
278 0.017647743225097656
279 0.014151334762573242
280 0.011327505111694336
281 0.011880874633789062
282 0.011425971984863281
283 0.01389169692993164
284 0.013285398483276367
285 0.010314226150512695
286 0.009944438934326172
287 0.010144948959350586
288 0.00980687141418457
289 0.009998083114624023
290 0.010754823684692383
291 0.010426759719848633
292 0.010866641998291016
293 0.010806083679199219
294 0.017078399658203125
295 0.01055908203125
296 0.010414361953735352
297 0.01063394546508789
298 0.01120138168334961
299 0.01078939437866211
300 0.010897397994995117
301 0.010894775390625
302 0.010686635971069336
303 0.010820388793945312
304 0.010480403900146484
305 0.010523080825805664
306 0.010505437850952148
307 0.010701179504394531
308 0.010387659072875977
309 0.013523340225219727
310 0.011228322982788086
311 0.011442899703979492
312 0.012663125991821289
313 0.010929584503173828
314 0.01150822639465332
315 0.011945009231567383
316 0.011337518692016602
317 0.012020587921142578
318 0.011893033981323242
319 0.011159896850585938
320 0.011195659637451172
321 0.011426925659179688
322 0.011964082717895508
323 0.010921955108642578
324 0.011094808578491211
325 0.011164188385009766
326 0.011348962783813477
327 0.011405229568481445
328 0.011765718460083008
329 0.014613866806030273
330 0.013645648956298828
331 0.013769865036010742
332 0.015597105026245117
333 0.015511512756347656
334 0.013309955596923828
335 0.013328313827514648
336 0.011868476867675781
337 0.012119770050048828
338 0.011781692504882812
339 0.013465166091918945
340 0.02014899253845215
341 0.017009973526000977
342 0.023682117462158203
343 0.016640663146972656
344 0.012909889221191406
345 0.014372825622558594
346 0.014623403549194336
347 0.02505803108215332
348 0.020563602447509766
349 0.025177001953125
350 0.013795852661132812
351 0.0138092041015625
352 0.014672517776489258
353 0.02330160140991211
354 0.018632173538208008
355 0.02237105369567871
356 0.022216081619262695
357 0.01985001564025879
358 0.02243185043334961
359 0.025507688522338867
360 0.015745878219604492
361 0.018572330474853516
362 0.016517162322998047
363 0.015062332153320312
364 0.013800621032714844
365 0.014404296875
366 0.013820648193359375
367 0.015461444854736328
368 0.016260147094726562
369 0.01582646369934082
370 0.014234781265258789
371 0.013306379318237305
372 0.013220071792602539
373 0.013586759567260742
374 0.013135194778442383
375 0.013542890548706055
376 0.014107704162597656
377 0.01445460319519043
378 0.015253305435180664
379 0.015369415283203125
380 0.014626741409301758
381 0.0229949951171875
382 0.017835617065429688
383 0.015888690948486328
384 0.014686346054077148
385 0.015025854110717773
386 0.015150785446166992
387 0.014666557312011719
388 0.016709327697753906
389 0.015290021896362305
390 0.016518592834472656
391 0.014732122421264648
392 0.015520334243774414
393 0.01489400863647461
394 0.018299579620361328
395 0.015197515487670898
396 0.014842033386230469
397 0.014703750610351562
398 0.014153480529785156
399 0.014327764511108398
400 0.014217376708984375
401 0.01948833465576172
402 0.020051240921020508
403 0.014739751815795898
404 0.01706242561340332
405 0.015208244323730469
406 0.014974594116210938
407 0.016199827194213867
408 0.01520395278930664
409 0.014672279357910156
410 0.014516353607177734
411 0.014627695083618164
412 0.01504373550415039
413 0.01480865478515625
414 0.01538395881652832
415 0.020887136459350586
416 0.014702320098876953
417 0.015759944915771484
418 0.016235828399658203
419 0.016323328018188477
420 0.015352487564086914
421 0.016440629959106445
422 0.016234159469604492
423 0.015199661254882812
424 0.014821529388427734
425 0.015459775924682617
426 0.01563405990600586
427 0.02811145782470703
428 0.0196988582611084
429 0.018062114715576172
430 0.02037954330444336
431 0.019535541534423828
432 0.017117977142333984
433 0.017241954803466797
434 0.015424966812133789
435 0.015553474426269531
436 0.015356063842773438
437 0.018014192581176758
438 0.025693893432617188
439 0.018200159072875977
440 0.020338058471679688
441 0.01998615264892578
442 0.0176541805267334
443 0.01812434196472168
444 0.016155481338500977
445 0.015999317169189453
446 0.015807390213012695
447 0.015685081481933594
448 0.020643949508666992
449 0.025650978088378906
450 0.018154621124267578
451 0.019721269607543945
452 0.020635128021240234
453 0.01942157745361328
454 0.01618337631225586
455 0.01651144027709961
456 0.01644301414489746
457 0.016168594360351562
458 0.016104936599731445
459 0.016875505447387695
460 0.017405033111572266
461 0.016674280166625977
462 0.017959117889404297
463 0.017536640167236328
464 0.018294095993041992
465 0.018215656280517578
466 0.01682138442993164
467 0.017044782638549805
468 0.0167081356048584
469 0.016890287399291992
470 0.016722440719604492
471 0.017612218856811523
472 0.018505096435546875
473 0.017810821533203125
474 0.017987489700317383
475 0.019135236740112305
476 0.01826167106628418
477 0.01758742332458496
478 0.016884565353393555
479 0.017736196517944336
480 0.029114723205566406
481 0.017240285873413086
482 0.017759084701538086
483 0.022314786911010742
484 0.01780080795288086
485 0.018401622772216797
486 0.02047252655029297
487 0.0191347599029541
488 0.01749873161315918
489 0.017517805099487305
490 0.017885208129882812
491 0.01813220977783203
492 0.017409086227416992
493 0.01833629608154297
494 0.022671222686767578
495 0.018212556838989258
496 0.019243478775024414
497 0.019780635833740234
498 0.018277645111083984
499 0.018353700637817383
