5 0.0006101131439208984
6 0.0006785392761230469
7 0.0007112026214599609
8 0.0007565021514892578
9 0.0008113384246826172
10 0.0008742809295654297
11 0.0008289813995361328
12 0.0008533000946044922
13 0.0009396076202392578
14 0.0008835792541503906
15 0.0009725093841552734
16 0.0010275840759277344
17 0.0010275840759277344
18 0.0010502338409423828
19 0.001130819320678711
20 0.001165628433227539
21 0.0013010501861572266
22 0.0012240409851074219
23 0.0013027191162109375
24 0.0012476444244384766
25 0.0012862682342529297
26 0.0013332366943359375
27 0.0013501644134521484
28 0.001413583755493164
29 0.0014190673828125
30 0.001667022705078125
31 0.0015006065368652344
32 0.0015959739685058594
33 0.0015344619750976562
34 0.0016553401947021484
35 0.0016856193542480469
36 0.0018253326416015625
37 0.0017502307891845703
38 0.00538945198059082
39 0.004363059997558594
40 0.0036258697509765625
41 0.0035593509674072266
42 0.0036618709564208984
43 0.003818988800048828
44 0.003709554672241211
45 0.003718137741088867
46 0.003702878952026367
47 0.004033327102661133
48 0.0041790008544921875
49 0.004359245300292969
50 0.004260540008544922
51 0.0043487548828125
52 0.002265453338623047
53 0.0025718212127685547
54 0.004340410232543945
55 0.004734516143798828
56 0.003017425537109375
57 0.0024521350860595703
58 0.002483844757080078
59 0.003154277801513672
60 0.003309488296508789
61 0.0031921863555908203
62 0.002848386764526367
63 0.002727985382080078
64 0.0026056766510009766
65 0.0028243064880371094
66 0.003100872039794922
67 0.0029277801513671875
68 0.0030672550201416016
69 0.002955913543701172
70 0.003075122833251953
71 0.0032787322998046875
72 0.003150463104248047
73 0.0028769969940185547
74 0.003370523452758789
75 0.003295421600341797
76 0.0032618045806884766
77 0.003317117691040039
78 0.0033266544342041016
79 0.003082275390625
80 0.0037300586700439453
81 0.0032634735107421875
82 0.0033600330352783203
83 0.0032415390014648438
84 0.0036699771881103516
85 0.0035047531127929688
86 0.003805875778198242
87 0.0037164688110351562
88 0.003943920135498047
89 0.003630399703979492
90 0.003640413284301758
91 0.007103443145751953
92 0.0037369728088378906
93 0.0038061141967773438
94 0.0037527084350585938
95 0.004035234451293945
96 0.003816366195678711
97 0.006900787353515625
98 0.004147768020629883
99 0.007192134857177734
100 0.007494688034057617
101 0.007857561111450195
102 0.004294633865356445
103 0.004055023193359375
104 0.004096031188964844
105 0.004129886627197266
106 0.004241228103637695
107 0.0042726993560791016
108 0.0042057037353515625
109 0.004159450531005859
110 0.004511117935180664
111 0.0043621063232421875
112 0.00432276725769043
113 0.00457453727722168
114 0.004426002502441406
115 0.004494190216064453
116 0.004503726959228516
117 0.004603147506713867
118 0.0045549869537353516
119 0.004678487777709961
120 0.004713773727416992
121 0.004740238189697266
122 0.004663228988647461
123 0.004836082458496094
124 0.0050051212310791016
125 0.005106925964355469
126 0.005261421203613281
127 0.005124807357788086
128 0.005079507827758789
129 0.005409717559814453
130 0.005173206329345703
131 0.005367755889892578
132 0.005458354949951172
133 0.00537562370300293
134 0.005629539489746094
135 0.008252143859863281
136 0.010064840316772461
137 0.009973287582397461
138 0.005250692367553711
139 0.005170583724975586
140 0.005133628845214844
141 0.005377292633056641
142 0.00519251823425293
143 0.0055272579193115234
144 0.0052700042724609375
145 0.005361795425415039
146 0.005340099334716797
147 0.005513906478881836
148 0.0053746700286865234
149 0.005643606185913086
150 0.005559682846069336
151 0.005556583404541016
152 0.005717754364013672
153 0.0056116580963134766
154 0.005572319030761719
155 0.0057413578033447266
156 0.0056612491607666016
157 0.006314754486083984
158 0.006026268005371094
159 0.006062746047973633
160 0.006308794021606445
161 0.006227254867553711
162 0.006319522857666016
163 0.008800268173217773
164 0.011996269226074219
165 0.01070261001586914
166 0.006382465362548828
167 0.006289482116699219
168 0.0068247318267822266
169 0.006608009338378906
170 0.006647825241088867
171 0.006675243377685547
172 0.00673675537109375
173 0.00648808479309082
174 0.0066375732421875
175 0.0070040225982666016
176 0.0065534114837646484
177 0.006951808929443359
178 0.006426572799682617
179 0.006792545318603516
180 0.006632566452026367
181 0.0067806243896484375
182 0.006577014923095703
183 0.006867647171020508
184 0.007176399230957031
185 0.0070247650146484375
186 0.007218122482299805
187 0.008840560913085938
188 0.012111902236938477
189 0.01076960563659668
190 0.007122993469238281
191 0.007465362548828125
192 0.007157564163208008
193 0.007740974426269531
194 0.007411003112792969
195 0.007784366607666016
196 0.007938861846923828
197 0.00782012939453125
198 0.007716655731201172
199 0.007516145706176758
200 0.007273674011230469
201 0.007645606994628906
202 0.0072405338287353516
203 0.007609128952026367
204 0.007298707962036133
205 0.007567167282104492
206 0.0074100494384765625
207 0.007895946502685547
208 0.007823705673217773
209 0.00809478759765625
210 0.008340597152709961
211 0.00877690315246582
212 0.009307622909545898
213 0.009593486785888672
214 0.010345935821533203
215 0.008226871490478516
216 0.008121490478515625
217 0.008287668228149414
218 0.008535146713256836
219 0.008366823196411133
220 0.008822917938232422
221 0.008789300918579102
222 0.008356094360351562
223 0.008186101913452148
224 0.008440494537353516
225 0.00831460952758789
226 0.008266210556030273
227 0.008487224578857422
228 0.008194208145141602
229 0.00850677490234375
230 0.008765935897827148
231 0.009062528610229492
232 0.00892186164855957
233 0.01524043083190918
234 0.011764764785766602
235 0.009326457977294922
236 0.008902311325073242
237 0.008895158767700195
238 0.009226560592651367
239 0.009559392929077148
240 0.011175870895385742
241 0.010035514831542969
242 0.009898900985717773
243 0.008944988250732422
244 0.008638620376586914
245 0.008867263793945312
246 0.008624553680419922
247 0.008937835693359375
248 0.008756875991821289
249 0.009132623672485352
250 0.00961756706237793
251 0.018161773681640625
252 0.017941713333129883
253 0.013085126876831055
254 0.009242057800292969
255 0.009278297424316406
256 0.010769844055175781
257 0.015380620956420898
258 0.012951135635375977
259 0.011613607406616211
260 0.010716915130615234
261 0.01085042953491211
262 0.009684324264526367
263 0.009454965591430664
264 0.009256839752197266
265 0.009778499603271484
266 0.009398937225341797
267 0.01427602767944336
268 0.01873922348022461
269 0.014448165893554688
270 0.01148223876953125
271 0.010803461074829102
272 0.010088443756103516
273 0.010121822357177734
274 0.010587453842163086
275 0.010458707809448242
276 0.01020359992980957
277 0.010476350784301758
278 0.010221719741821289
279 0.010103464126586914
280 0.010144472122192383
281 0.010013103485107422
282 0.010156393051147461
283 0.010338783264160156
284 0.01036381721496582
285 0.010904550552368164
286 0.010956048965454102
287 0.01167154312133789
288 0.011321306228637695
289 0.011379480361938477
290 0.011379480361938477
291 0.011365413665771484
292 0.011778831481933594
293 0.01166987419128418
294 0.011394500732421875
295 0.011208057403564453
296 0.010698318481445312
297 0.010748147964477539
298 0.010567665100097656
299 0.010854005813598633
300 0.01065683364868164
301 0.010955572128295898
302 0.01149749755859375
303 0.011580705642700195
304 0.011512517929077148
305 0.012501716613769531
306 0.01215362548828125
307 0.01149296760559082
308 0.011616945266723633
309 0.011482000350952148
310 0.011645793914794922
311 0.011877059936523438
312 0.011367321014404297
313 0.011532783508300781
314 0.011255025863647461
315 0.011321544647216797
316 0.011190176010131836
317 0.01132059097290039
318 0.011300802230834961
319 0.013205766677856445
320 0.011874198913574219
321 0.014645576477050781
322 0.01455831527709961
323 0.012022972106933594
324 0.012038469314575195
325 0.012043476104736328
326 0.012029170989990234
327 0.01389765739440918
328 0.013029813766479492
329 0.012282609939575195
330 0.011525630950927734
331 0.011831045150756836
332 0.011628389358520508
333 0.011831998825073242
334 0.012393712997436523
335 0.01337432861328125
336 0.013333797454833984
337 0.014720916748046875
338 0.01369023323059082
339 0.014013290405273438
340 0.013921976089477539
341 0.013922691345214844
342 0.013647317886352539
343 0.013855934143066406
344 0.01306605339050293
345 0.012822389602661133
346 0.012902498245239258
347 0.012706518173217773
348 0.012739181518554688
349 0.013069629669189453
350 0.018874645233154297
351 0.02265191078186035
352 0.017175674438476562
353 0.014745950698852539
354 0.016540050506591797
355 0.019252300262451172
356 0.016077280044555664
357 0.01476430892944336
358 0.013389825820922852
359 0.016443729400634766
360 0.013485908508300781
361 0.013458967208862305
362 0.01382136344909668
363 0.01436305046081543
364 0.015814542770385742
365 0.01486063003540039
366 0.014751911163330078
367 0.015628576278686523
368 0.014304399490356445
369 0.014561653137207031
370 0.014908313751220703
371 0.014287710189819336
372 0.013740777969360352
373 0.01748037338256836
374 0.014124393463134766
375 0.014452219009399414
376 0.015123367309570312
377 0.014873027801513672
378 0.020762920379638672
379 0.014334678649902344
380 0.014805316925048828
381 0.015203237533569336
382 0.015778303146362305
383 0.015228509902954102
384 0.014728546142578125
385 0.014419078826904297
386 0.015467643737792969
387 0.014375925064086914
388 0.014378786087036133
389 0.014591217041015625
390 0.014690876007080078
391 0.01737356185913086
392 0.01757645606994629
393 0.014969110488891602
394 0.014965534210205078
395 0.015314102172851562
396 0.015017986297607422
397 0.015280961990356445
398 0.014726877212524414
399 0.01476740837097168
400 0.01458120346069336
401 0.015036582946777344
402 0.014675140380859375
403 0.015424251556396484
404 0.01595616340637207
405 0.017238855361938477
406 0.016065120697021484
407 0.016382217407226562
408 0.01584625244140625
409 0.015882492065429688
410 0.015421390533447266
411 0.015711069107055664
412 0.015248537063598633
413 0.015250682830810547
414 0.015243768692016602
415 0.015483379364013672
416 0.024352312088012695
417 0.023911476135253906
418 0.015465021133422852
419 0.019870758056640625
420 0.020984888076782227
421 0.01893782615661621
422 0.01707315444946289
423 0.01590132713317871
424 0.016093730926513672
425 0.0160064697265625
426 0.015702247619628906
427 0.016165733337402344
428 0.027753114700317383
429 0.019889354705810547
430 0.017583370208740234
431 0.02099132537841797
432 0.02011394500732422
433 0.01902937889099121
434 0.01636958122253418
435 0.016335725784301758
436 0.016078948974609375
437 0.01706218719482422
438 0.016775131225585938
439 0.01819443702697754
440 0.017810344696044922
441 0.01715373992919922
442 0.017846345901489258
443 0.02069711685180664
444 0.016614198684692383
445 0.016771554946899414
446 0.01666879653930664
447 0.017052412033081055
448 0.016440868377685547
449 0.016603708267211914
450 0.017939090728759766
451 0.021439075469970703
452 0.0172426700592041
453 0.0177919864654541
454 0.01743340492248535
455 0.018538475036621094
456 0.019349336624145508
457 0.01701807975769043
458 0.01677870750427246
459 0.01697516441345215
460 0.016968250274658203
461 0.0175173282623291
462 0.02935338020324707
463 0.0200040340423584
464 0.021302223205566406
465 0.02167963981628418
466 0.01961994171142578
467 0.01805281639099121
468 0.01734614372253418
469 0.017384767532348633
470 0.01716327667236328
471 0.017674922943115234
472 0.022403955459594727
473 0.02116560935974121
474 0.022059917449951172
475 0.021066665649414062
476 0.02011251449584961
477 0.01814436912536621
478 0.017560958862304688
479 0.018053054809570312
480 0.017729520797729492
481 0.018192291259765625
482 0.022953271865844727
483 0.01910257339477539
484 0.01952648162841797
485 0.01941967010498047
486 0.018635034561157227
487 0.01874542236328125
488 0.018097400665283203
489 0.01824665069580078
490 0.01833176612854004
491 0.018398284912109375
492 0.019797801971435547
493 0.02227306365966797
494 0.021224021911621094
495 0.0219876766204834
496 0.0194089412689209
497 0.019507169723510742
498 0.018407106399536133
499 0.01863884925842285
