5 0.0009045600891113281
6 0.0010025501251220703
7 0.001234292984008789
8 0.0013151168823242188
9 0.0013318061828613281
10 0.0013985633850097656
11 0.0014257431030273438
12 0.0014662742614746094
13 0.0015246868133544922
14 0.0015716552734375
15 0.0016765594482421875
16 0.0016531944274902344
17 0.0017316341400146484
18 0.0015096664428710938
19 0.001959562301635742
20 0.0016024112701416016
21 0.002053976058959961
22 0.0017118453979492188
23 0.002163410186767578
24 0.0018749237060546875
25 0.002961397171020508
26 0.0029647350311279297
27 0.0029952526092529297
28 0.0021445751190185547
29 0.0021567344665527344
30 0.0021009445190429688
31 0.002159595489501953
32 0.002228975296020508
33 0.002239704132080078
34 0.0023958683013916016
35 0.002349376678466797
36 0.002825021743774414
37 0.002438068389892578
38 0.0029098987579345703
39 0.0027375221252441406
40 0.002955198287963867
41 0.005288124084472656
42 0.0053195953369140625
43 0.005407810211181641
44 0.005582094192504883
45 0.005637168884277344
46 0.0057299137115478516
47 0.0057179927825927734
48 0.0056378841400146484
49 0.005655765533447266
50 0.005963563919067383
51 0.00630640983581543
52 0.0062923431396484375
53 0.006536245346069336
54 0.003473520278930664
55 0.005545854568481445
56 0.0067310333251953125
57 0.005861997604370117
58 0.00459599494934082
59 0.006978511810302734
60 0.007057666778564453
61 0.004765510559082031
62 0.0042154788970947266
63 0.0037522315979003906
64 0.003981113433837891
65 0.004621267318725586
66 0.005509614944458008
67 0.006151676177978516
68 0.006545305252075195
69 0.004447460174560547
70 0.0043756961822509766
71 0.00418400764465332
72 0.008252382278442383
73 0.00839543342590332
74 0.00856924057006836
75 0.008606672286987305
76 0.008620262145996094
77 0.00852823257446289
78 0.008763313293457031
79 0.009245872497558594
80 0.009122610092163086
81 0.006670951843261719
82 0.007161855697631836
83 0.009300708770751953
84 0.0053462982177734375
85 0.007792472839355469
86 0.0049152374267578125
87 0.005560874938964844
88 0.005277156829833984
89 0.005373239517211914
90 0.005370140075683594
91 0.0058441162109375
92 0.005599260330200195
93 0.005612611770629883
94 0.006050586700439453
95 0.005411624908447266
96 0.005768775939941406
97 0.005966663360595703
98 0.005740165710449219
99 0.005778074264526367
100 0.005988121032714844
101 0.005934715270996094
102 0.006136178970336914
103 0.006646633148193359
104 0.009297847747802734
105 0.011343717575073242
106 0.010356426239013672
107 0.0060613155364990234
108 0.005987644195556641
109 0.006045103073120117
110 0.006310939788818359
111 0.006130218505859375
112 0.0066280364990234375
113 0.006566524505615234
114 0.0068225860595703125
115 0.006641864776611328
116 0.006916522979736328
117 0.0066242218017578125
118 0.006819009780883789
119 0.006867408752441406
120 0.006787538528442383
121 0.006989955902099609
122 0.0068585872650146484
123 0.007191896438598633
124 0.007025718688964844
125 0.007281303405761719
126 0.007147312164306641
127 0.0071756839752197266
128 0.005388975143432617
129 0.008090019226074219
130 0.00664520263671875
131 0.005617856979370117
132 0.0063326358795166016
133 0.005380153656005859
134 0.0064656734466552734
135 0.005774259567260742
136 0.0063321590423583984
137 0.0059621334075927734
138 0.006114959716796875
139 0.007333278656005859
140 0.0071752071380615234
141 0.006605863571166992
142 0.0072939395904541016
143 0.007666110992431641
144 0.0069315433502197266
145 0.006972551345825195
146 0.007130861282348633
147 0.007523298263549805
148 0.0075838565826416016
149 0.007913351058959961
150 0.008255481719970703
151 0.008687973022460938
152 0.008370637893676758
153 0.008725881576538086
154 0.008495092391967773
155 0.011487007141113281
156 0.016466140747070312
157 0.013922452926635742
158 0.008665323257446289
159 0.00860142707824707
160 0.009158134460449219
161 0.008991241455078125
162 0.009321451187133789
163 0.009307622909545898
164 0.009137392044067383
165 0.009351253509521484
166 0.00910043716430664
167 0.009301185607910156
168 0.009294986724853516
169 0.009165048599243164
170 0.009772300720214844
171 0.009377479553222656
172 0.009752750396728516
173 0.013248443603515625
174 0.01738142967224121
175 0.009644508361816406
176 0.009837627410888672
177 0.009961366653442383
178 0.01235055923461914
179 0.009725093841552734
180 0.010313034057617188
181 0.009874343872070312
182 0.009638071060180664
183 0.00984334945678711
184 0.009809017181396484
185 0.009687423706054688
186 0.009911775588989258
187 0.010149955749511719
188 0.009942054748535156
189 0.010100841522216797
190 0.010022640228271484
191 0.010115385055541992
192 0.012667179107666016
193 0.010452985763549805
194 0.013531684875488281
195 0.014532327651977539
196 0.017361164093017578
197 0.012603521347045898
198 0.012002944946289062
199 0.010748624801635742
200 0.010584831237792969
201 0.010734796524047852
202 0.010870695114135742
203 0.010923385620117188
204 0.011070489883422852
205 0.011241912841796875
206 0.011362552642822266
207 0.012840747833251953
208 0.011243104934692383
209 0.012135744094848633
210 0.012266874313354492
211 0.012124061584472656
212 0.012411832809448242
213 0.011890888214111328
214 0.012259960174560547
215 0.011363983154296875
216 0.011205911636352539
217 0.011245965957641602
218 0.011365175247192383
219 0.011476516723632812
220 0.011803150177001953
221 0.011716842651367188
222 0.01176309585571289
223 0.017048120498657227
224 0.01393437385559082
225 0.01727581024169922
226 0.017421960830688477
227 0.015512704849243164
228 0.013615131378173828
229 0.012481212615966797
230 0.011960506439208984
231 0.011919498443603516
232 0.012120723724365234
233 0.012179374694824219
234 0.014655828475952148
235 0.02389693260192871
236 0.020197153091430664
237 0.016870737075805664
238 0.013866901397705078
239 0.015502691268920898
240 0.013543367385864258
241 0.014238119125366211
242 0.014462947845458984
243 0.014165878295898438
244 0.012714147567749023
245 0.01266932487487793
246 0.012814521789550781
247 0.02036738395690918
248 0.02540135383605957
249 0.018445253372192383
250 0.014421463012695312
251 0.015148401260375977
252 0.020949602127075195
253 0.018354415893554688
254 0.014613866806030273
255 0.014806509017944336
256 0.013216257095336914
257 0.013247251510620117
258 0.013173103332519531
259 0.01485896110534668
260 0.026334285736083984
261 0.014628171920776367
262 0.01637434959411621
263 0.014974832534790039
264 0.014205455780029297
265 0.01708245277404785
266 0.01727604866027832
267 0.015370607376098633
268 0.013982057571411133
269 0.013955354690551758
270 0.013892412185668945
271 0.014467954635620117
272 0.02746725082397461
273 0.022617101669311523
274 0.014541149139404297
275 0.01865553855895996
276 0.018033742904663086
277 0.019155263900756836
278 0.017206430435180664
279 0.014576911926269531
280 0.014822959899902344
281 0.014456033706665039
282 0.015683650970458984
283 0.022758007049560547
284 0.015662670135498047
285 0.011474609375
286 0.013251543045043945
287 0.016730070114135742
288 0.014009952545166016
289 0.013482809066772461
290 0.014067411422729492
291 0.011884212493896484
292 0.011699438095092773
293 0.01183938980102539
294 0.01188802719116211
295 0.01189112663269043
296 0.011981964111328125
297 0.023688793182373047
298 0.01940298080444336
299 0.014275074005126953
300 0.014725685119628906
301 0.015117883682250977
302 0.01544499397277832
303 0.013264179229736328
304 0.01291036605834961
305 0.013745307922363281
306 0.012475728988647461
307 0.01270604133605957
308 0.012726545333862305
309 0.012987136840820312
310 0.012686014175415039
311 0.013673782348632812
312 0.013810157775878906
313 0.013541460037231445
314 0.013459205627441406
315 0.01858067512512207
316 0.014639854431152344
317 0.015252828598022461
318 0.013009786605834961
319 0.012766361236572266
320 0.012889862060546875
321 0.012906074523925781
322 0.012952327728271484
323 0.01441049575805664
324 0.026931285858154297
325 0.021030664443969727
326 0.013976097106933594
327 0.018307924270629883
328 0.01692938804626465
329 0.018259525299072266
330 0.01604938507080078
331 0.01432657241821289
332 0.014114618301391602
333 0.014140129089355469
334 0.014195442199707031
335 0.021512269973754883
336 0.02304863929748535
337 0.01835489273071289
338 0.017343997955322266
339 0.016292095184326172
340 0.014973640441894531
341 0.015075922012329102
342 0.015220880508422852
343 0.01455378532409668
344 0.015338897705078125
345 0.01467752456665039
346 0.014660358428955078
347 0.014644622802734375
348 0.015247821807861328
349 0.02127552032470703
350 0.018669605255126953
351 0.019483089447021484
352 0.01818704605102539
353 0.016531944274902344
354 0.016366004943847656
355 0.015009641647338867
356 0.015035867691040039
357 0.015057802200317383
358 0.015105247497558594
359 0.022680282592773438
360 0.023537635803222656
361 0.015856027603149414
362 0.017911672592163086
363 0.020719289779663086
364 0.019587278366088867
365 0.01762866973876953
366 0.015503644943237305
367 0.015520572662353516
368 0.01571941375732422
369 0.015697717666625977
370 0.01573324203491211
371 0.028707265853881836
372 0.021131515502929688
373 0.019358158111572266
374 0.02059769630432129
375 0.01899552345275879
376 0.017369985580444336
377 0.017237424850463867
378 0.015944719314575195
379 0.016241073608398438
380 0.017379045486450195
381 0.016330242156982422
382 0.01792621612548828
383 0.01614522933959961
384 0.01769232749938965
385 0.01708817481994629
386 0.01706671714782715
387 0.0172426700592041
388 0.01635575294494629
389 0.01627326011657715
390 0.016385793685913086
391 0.016344070434570312
392 0.01640152931213379
393 0.016637325286865234
394 0.01801133155822754
395 0.017542600631713867
396 0.018051624298095703
397 0.017599821090698242
398 0.020917415618896484
399 0.01945042610168457
400 0.016971349716186523
401 0.016875028610229492
402 0.016904830932617188
403 0.016860246658325195
404 0.017081260681152344
405 0.019638776779174805
406 0.018624544143676758
407 0.018085956573486328
408 0.018580913543701172
409 0.01876544952392578
410 0.018518686294555664
411 0.01760697364807129
412 0.017566442489624023
413 0.017603158950805664
414 0.017730712890625
415 0.017849445343017578
416 0.019326448440551758
417 0.018724679946899414
418 0.018754005432128906
419 0.018758296966552734
420 0.018496274948120117
421 0.018995046615600586
422 0.017992258071899414
423 0.017923593521118164
424 0.018157243728637695
425 0.017919301986694336
426 0.01813364028930664
427 0.019489049911499023
428 0.0184326171875
429 0.01976609230041504
430 0.019776344299316406
431 0.019649028778076172
432 0.019245147705078125
433 0.019226551055908203
434 0.018424272537231445
435 0.01866292953491211
436 0.018977880477905273
437 0.01905655860900879
438 0.020128965377807617
439 0.019492149353027344
440 0.020106792449951172
441 0.02007269859313965
442 0.02015519142150879
443 0.018865346908569336
444 0.01873779296875
445 0.01867365837097168
446 0.019318342208862305
447 0.01803755760192871
448 0.021549224853515625
449 0.022887468338012695
450 0.02030634880065918
451 0.02046823501586914
452 0.020598649978637695
453 0.0204012393951416
454 0.019351959228515625
455 0.019274234771728516
456 0.019207239151000977
457 0.01912069320678711
458 0.01944732666015625
459 0.02109670639038086
460 0.020220041275024414
461 0.01990032196044922
462 0.019840478897094727
463 0.019933462142944336
464 0.01963067054748535
465 0.019678354263305664
466 0.019661903381347656
467 0.019796133041381836
468 0.0199434757232666
469 0.02133774757385254
470 0.020825624465942383
471 0.020049333572387695
472 0.02236008644104004
473 0.0222320556640625
474 0.020063400268554688
475 0.019927978515625
476 0.01986384391784668
477 0.020647287368774414
478 0.03129935264587402
479 0.025382518768310547
480 0.020160913467407227
481 0.02138686180114746
482 0.021816730499267578
483 0.021542072296142578
484 0.02046060562133789
485 0.020438194274902344
486 0.02052903175354004
487 0.020478248596191406
488 0.03426480293273926
489 0.026159048080444336
490 0.024786710739135742
491 0.026273727416992188
492 0.023293256759643555
493 0.020746946334838867
494 0.021002531051635742
495 0.02062392234802246
496 0.01959085464477539
497 0.01993417739868164
498 0.02179431915283203
499 0.021626710891723633
