5 0.0007627010345458984
6 0.0009388923645019531
7 0.0014195442199707031
8 0.0011839866638183594
9 0.0013599395751953125
10 0.0013349056243896484
11 0.0010881423950195312
12 0.0009539127349853516
13 0.0009918212890625
14 0.0012934207916259766
15 0.001271963119506836
16 0.0011854171752929688
17 0.0016093254089355469
18 0.0012063980102539062
19 0.0012118816375732422
20 0.0012538433074951172
21 0.0012981891632080078
22 0.0017058849334716797
23 0.002685070037841797
24 0.0014338493347167969
25 0.0014491081237792969
26 0.0024008750915527344
27 0.0018930435180664062
28 0.0015819072723388672
29 0.0025506019592285156
30 0.0021271705627441406
31 0.0017170906066894531
32 0.0017209053039550781
33 0.0027403831481933594
34 0.0018019676208496094
35 0.0018498897552490234
36 0.002671480178833008
37 0.001959562301635742
38 0.001971006393432617
39 0.0030286312103271484
40 0.002057313919067383
41 0.0020837783813476562
42 0.002089977264404297
43 0.0021605491638183594
44 0.0021800994873046875
45 0.0022389888763427734
46 0.0022547245025634766
47 0.0024919509887695312
48 0.0023233890533447266
49 0.002384662628173828
50 0.002424001693725586
51 0.002464771270751953
52 0.002573728561401367
53 0.0025501251220703125
54 0.0025482177734375
55 0.002650737762451172
56 0.002639293670654297
57 0.002802133560180664
58 0.0027213096618652344
59 0.0027327537536621094
60 0.002774953842163086
61 0.0027921199798583984
62 0.002998828887939453
63 0.002895355224609375
64 0.0029158592224121094
65 0.003042936325073242
66 0.0030143260955810547
67 0.0031425952911376953
68 0.003084421157836914
69 0.0031168460845947266
70 0.003213644027709961
71 0.006472587585449219
72 0.006456613540649414
73 0.0066111087799072266
74 0.006657838821411133
75 0.006625175476074219
76 0.006468534469604492
77 0.006786823272705078
78 0.00712132453918457
79 0.007220268249511719
80 0.004303932189941406
81 0.0053904056549072266
82 0.007270336151123047
83 0.0044367313385009766
84 0.0037174224853515625
85 0.0056493282318115234
86 0.0037763118743896484
87 0.0062103271484375
88 0.003988504409790039
89 0.006421327590942383
90 0.004653215408325195
91 0.007906675338745117
92 0.006156444549560547
93 0.005242109298706055
94 0.0064220428466796875
95 0.004158973693847656
96 0.005365848541259766
97 0.004229307174682617
98 0.0054492950439453125
99 0.004380941390991211
100 0.004389286041259766
101 0.00434112548828125
102 0.008903980255126953
103 0.008878469467163086
104 0.008951425552368164
105 0.008920431137084961
106 0.008701086044311523
107 0.009373664855957031
108 0.009451866149902344
109 0.005406379699707031
110 0.00867772102355957
111 0.007223606109619141
112 0.005017757415771484
113 0.0050983428955078125
114 0.005056858062744141
115 0.006776571273803711
116 0.005610466003417969
117 0.008484125137329102
118 0.009685516357421875
119 0.008776187896728516
120 0.007396221160888672
121 0.005133628845214844
122 0.006379842758178711
123 0.005675315856933594
124 0.005549907684326172
125 0.005511760711669922
126 0.005513906478881836
127 0.005745410919189453
128 0.005679607391357422
129 0.005834102630615234
130 0.0057830810546875
131 0.005761146545410156
132 0.005986452102661133
133 0.005969047546386719
134 0.006829977035522461
135 0.005978584289550781
136 0.005937099456787109
137 0.006823301315307617
138 0.0060808658599853516
139 0.006320476531982422
140 0.006119251251220703
141 0.0061566829681396484
142 0.006211280822753906
143 0.0060575008392333984
144 0.006281852722167969
145 0.00612187385559082
146 0.006123781204223633
147 0.0068166255950927734
148 0.006222248077392578
149 0.006395816802978516
150 0.006290912628173828
151 0.006432771682739258
152 0.006380796432495117
153 0.0063860416412353516
154 0.006534576416015625
155 0.0064389705657958984
156 0.006778717041015625
157 0.006599903106689453
158 0.006845712661743164
159 0.007792472839355469
160 0.012133359909057617
161 0.013413190841674805
162 0.012460708618164062
163 0.009342670440673828
164 0.008514165878295898
165 0.007639646530151367
166 0.007179975509643555
167 0.007636308670043945
168 0.007814407348632812
169 0.0070569515228271484
170 0.007993936538696289
171 0.007851362228393555
172 0.008044242858886719
173 0.007210493087768555
174 0.007521629333496094
175 0.008022069931030273
176 0.0073795318603515625
177 0.007318258285522461
178 0.007388591766357422
179 0.007464885711669922
180 0.007775068283081055
181 0.007578849792480469
182 0.008023738861083984
183 0.007800579071044922
184 0.00958108901977539
185 0.007962942123413086
186 0.00804901123046875
187 0.008426189422607422
188 0.00885629653930664
189 0.008555889129638672
190 0.008178472518920898
191 0.008182764053344727
192 0.008566856384277344
193 0.008699655532836914
194 0.008301973342895508
195 0.008232355117797852
196 0.007985830307006836
197 0.008123397827148438
198 0.008402585983276367
199 0.008263111114501953
200 0.008113384246826172
201 0.008314132690429688
202 0.010547399520874023
203 0.016650915145874023
204 0.016179800033569336
205 0.016648054122924805
206 0.012971878051757812
207 0.008788347244262695
208 0.00888204574584961
209 0.011283636093139648
210 0.012798547744750977
211 0.013851165771484375
212 0.011091232299804688
213 0.010250091552734375
214 0.010162591934204102
215 0.008913516998291016
216 0.008790254592895508
217 0.008888959884643555
218 0.008899688720703125
219 0.014064788818359375
220 0.017586708068847656
221 0.015653371810913086
222 0.01338815689086914
223 0.010809898376464844
224 0.01166391372680664
225 0.012494325637817383
226 0.012891530990600586
227 0.013035058975219727
228 0.010629892349243164
229 0.010626554489135742
230 0.00937795639038086
231 0.009440183639526367
232 0.009584665298461914
233 0.009430885314941406
234 0.009513378143310547
235 0.009533405303955078
236 0.00981283187866211
237 0.00998997688293457
238 0.011098623275756836
239 0.01282501220703125
240 0.010484457015991211
241 0.010738372802734375
242 0.010839223861694336
243 0.011159896850585938
244 0.011093616485595703
245 0.010922908782958984
246 0.010934591293334961
247 0.010823249816894531
248 0.010033607482910156
249 0.010118722915649414
250 0.010096073150634766
251 0.01007533073425293
252 0.010226249694824219
253 0.010239839553833008
254 0.010281801223754883
255 0.010554075241088867
256 0.010604619979858398
257 0.014428853988647461
258 0.013106822967529297
259 0.012913942337036133
260 0.013678312301635742
261 0.014806509017944336
262 0.012481212615966797
263 0.01078343391418457
264 0.011070489883422852
265 0.01102447509765625
266 0.010962963104248047
267 0.01093602180480957
268 0.011127233505249023
269 0.011131763458251953
270 0.011050701141357422
271 0.01148366928100586
272 0.011487960815429688
273 0.013018608093261719
274 0.01210927963256836
275 0.011694669723510742
276 0.01159977912902832
277 0.011638641357421875
278 0.011413812637329102
279 0.011623859405517578
280 0.011946678161621094
281 0.011908531188964844
282 0.011560440063476562
283 0.011724710464477539
284 0.011810064315795898
285 0.01195669174194336
286 0.011708974838256836
287 0.012112617492675781
288 0.012476205825805664
289 0.01891350746154785
290 0.011807680130004883
291 0.011976003646850586
292 0.012191295623779297
293 0.012231111526489258
294 0.013778924942016602
295 0.0132293701171875
296 0.012113094329833984
297 0.011869430541992188
298 0.011966228485107422
299 0.011972427368164062
300 0.012214899063110352
301 0.012084245681762695
302 0.012594461441040039
303 0.012569904327392578
304 0.01383209228515625
305 0.013247013092041016
306 0.013336896896362305
307 0.013722896575927734
308 0.013358354568481445
309 0.013402938842773438
310 0.013081789016723633
311 0.012804746627807617
312 0.012535810470581055
313 0.01249074935913086
314 0.012588024139404297
315 0.01270914077758789
316 0.0131683349609375
317 0.013138294219970703
318 0.017578601837158203
319 0.014619112014770508
320 0.01594090461730957
321 0.01717090606689453
322 0.016521692276000977
323 0.014021873474121094
324 0.014406204223632812
325 0.013656139373779297
326 0.013775110244750977
327 0.013865232467651367
328 0.013907909393310547
329 0.013958215713500977
330 0.014357328414916992
331 0.021602153778076172
332 0.014287710189819336
333 0.01841878890991211
334 0.019481420516967773
335 0.016169309616088867
336 0.016559839248657227
337 0.014414310455322266
338 0.014180898666381836
339 0.014304637908935547
340 0.01435708999633789
341 0.014389276504516602
342 0.028282880783081055
343 0.019160985946655273
344 0.01752495765686035
345 0.01686835289001465
346 0.019063949584960938
347 0.01674818992614746
348 0.015636682510375977
349 0.014732837677001953
350 0.01392054557800293
351 0.013979196548461914
352 0.013858556747436523
353 0.021306514739990234
354 0.018469572067260742
355 0.01607537269592285
356 0.015340328216552734
357 0.017593860626220703
358 0.014829874038696289
359 0.015497922897338867
360 0.015162467956542969
361 0.01466512680053711
362 0.01452016830444336
363 0.014295101165771484
364 0.014275074005126953
365 0.014221429824829102
366 0.014622211456298828
367 0.015320301055908203
368 0.016627073287963867
369 0.015586137771606445
370 0.01591801643371582
371 0.01553654670715332
372 0.015134096145629883
373 0.015250205993652344
374 0.01507425308227539
375 0.015099287033081055
376 0.015062808990478516
377 0.015459775924682617
378 0.015622138977050781
379 0.015927553176879883
380 0.019608497619628906
381 0.016889333724975586
382 0.015303373336791992
383 0.015566110610961914
384 0.015451669692993164
385 0.015729427337646484
386 0.015751361846923828
387 0.015370368957519531
388 0.015396595001220703
389 0.015263795852661133
390 0.015890836715698242
391 0.01566171646118164
392 0.016443252563476562
393 0.017377614974975586
394 0.0165708065032959
395 0.016361474990844727
396 0.017346620559692383
397 0.01607656478881836
398 0.017021894454956055
399 0.015626907348632812
400 0.015674114227294922
401 0.015769243240356445
402 0.0157620906829834
403 0.01585078239440918
404 0.017952442169189453
405 0.020118236541748047
406 0.016313552856445312
407 0.0170896053314209
408 0.017220497131347656
409 0.017431259155273438
410 0.017498493194580078
411 0.016226530075073242
412 0.01605844497680664
413 0.016246795654296875
414 0.016263723373413086
415 0.024639368057250977
416 0.026297330856323242
417 0.019144535064697266
418 0.019778013229370117
419 0.020535707473754883
420 0.019419431686401367
421 0.01794743537902832
422 0.01647782325744629
423 0.0164797306060791
424 0.01672530174255371
425 0.01651620864868164
426 0.027643203735351562
427 0.02299642562866211
428 0.019006967544555664
429 0.021871089935302734
430 0.021175622940063477
431 0.017267227172851562
432 0.017756223678588867
433 0.017613649368286133
434 0.017222881317138672
435 0.017191171646118164
436 0.017357587814331055
437 0.017991304397583008
438 0.019181251525878906
439 0.01835465431213379
440 0.01817154884338379
441 0.018904924392700195
442 0.018663406372070312
443 0.01894521713256836
444 0.017806291580200195
445 0.017552852630615234
446 0.017514944076538086
447 0.017698287963867188
448 0.01768970489501953
449 0.02359747886657715
450 0.022279739379882812
451 0.0183408260345459
452 0.018699169158935547
453 0.018574237823486328
454 0.01820826530456543
455 0.017646312713623047
456 0.018020153045654297
457 0.0179593563079834
458 0.017970561981201172
459 0.019195079803466797
460 0.02386307716369629
461 0.01839423179626465
462 0.01884603500366211
463 0.019031286239624023
464 0.018590211868286133
465 0.01850295066833496
466 0.018326520919799805
467 0.018276691436767578
468 0.018347740173339844
469 0.01872849464416504
470 0.01919412612915039
471 0.02036738395690918
472 0.019385814666748047
473 0.020074844360351562
474 0.020318984985351562
475 0.019911766052246094
476 0.018815279006958008
477 0.018906354904174805
478 0.01905226707458496
479 0.019049882888793945
480 0.01886606216430664
481 0.03306293487548828
482 0.024014711380004883
483 0.02550792694091797
484 0.023427486419677734
485 0.02150130271911621
486 0.019086122512817383
487 0.018931150436401367
488 0.01913142204284668
489 0.01898050308227539
490 0.019310712814331055
491 0.030205965042114258
492 0.02487945556640625
493 0.022984027862548828
494 0.024503707885742188
495 0.022638559341430664
496 0.021398305892944336
497 0.019754648208618164
498 0.019776582717895508
499 0.019496440887451172
