5 0.0006401538848876953
6 0.0007383823394775391
7 0.0007777214050292969
8 0.0007815361022949219
9 0.0008177757263183594
10 0.000881195068359375
11 0.0009226799011230469
12 0.0009658336639404297
13 0.0009961128234863281
14 0.0010302066802978516
15 0.0010879039764404297
16 0.0020394325256347656
17 0.002196788787841797
18 0.0022788047790527344
19 0.002242565155029297
20 0.0023581981658935547
21 0.002415180206298828
22 0.0023865699768066406
23 0.0023889541625976562
24 0.0025572776794433594
25 0.0026421546936035156
26 0.002837657928466797
27 0.0028777122497558594
28 0.002665281295776367
29 0.0015859603881835938
30 0.001916646957397461
31 0.0022754669189453125
32 0.002226114273071289
33 0.002223968505859375
34 0.002051830291748047
35 0.002093076705932617
36 0.0020716190338134766
37 0.0018270015716552734
38 0.002784252166748047
39 0.0019936561584472656
40 0.0020008087158203125
41 0.002023935317993164
42 0.002677440643310547
43 0.0021240711212158203
44 0.002165079116821289
45 0.0026199817657470703
46 0.0022516250610351562
47 0.002153635025024414
48 0.0024499893188476562
49 0.0028586387634277344
50 0.002287626266479492
51 0.002371549606323242
52 0.0026526451110839844
53 0.0024213790893554688
54 0.0027313232421875
55 0.002547025680541992
56 0.00252532958984375
57 0.002507925033569336
58 0.0030975341796875
59 0.0028679370880126953
60 0.002725839614868164
61 0.002682209014892578
62 0.0027816295623779297
63 0.002660512924194336
64 0.0027551651000976562
65 0.0028405189514160156
66 0.0028243064880371094
67 0.002854585647583008
68 0.0033235549926757812
69 0.0030591487884521484
70 0.002974271774291992
71 0.003017902374267578
72 0.0030748844146728516
73 0.0035719871520996094
74 0.0034770965576171875
75 0.0034914016723632812
76 0.003542661666870117
77 0.0037908554077148438
78 0.0035982131958007812
79 0.0037224292755126953
80 0.0036916732788085938
81 0.003906726837158203
82 0.0052204132080078125
83 0.005046367645263672
84 0.006989955902099609
85 0.006975412368774414
86 0.006656169891357422
87 0.003648042678833008
88 0.0036330223083496094
89 0.0038449764251708984
90 0.0037441253662109375
91 0.0036973953247070312
92 0.003740549087524414
93 0.004021644592285156
94 0.003824472427368164
95 0.003935575485229492
96 0.003862142562866211
97 0.004052639007568359
98 0.004007101058959961
99 0.0040051937103271484
100 0.004275321960449219
101 0.004122495651245117
102 0.004144191741943359
103 0.004232883453369141
104 0.004358530044555664
105 0.00436091423034668
106 0.004244804382324219
107 0.0044782161712646484
108 0.004298686981201172
109 0.004345417022705078
110 0.004530668258666992
111 0.0045092105865478516
112 0.004476070404052734
113 0.004683971405029297
114 0.0049173831939697266
115 0.0049440860748291016
116 0.004900693893432617
117 0.00513911247253418
118 0.00498509407043457
119 0.005106687545776367
120 0.006453514099121094
121 0.0070002079010009766
122 0.007809162139892578
123 0.009607315063476562
124 0.009768247604370117
125 0.007421731948852539
126 0.005108356475830078
127 0.005172014236450195
128 0.005198478698730469
129 0.00537419319152832
130 0.005262851715087891
131 0.005645751953125
132 0.005352020263671875
133 0.005443096160888672
134 0.005593299865722656
135 0.00554203987121582
136 0.005590200424194336
137 0.0056421756744384766
138 0.0055637359619140625
139 0.005934715270996094
140 0.005659818649291992
141 0.005772113800048828
142 0.005841255187988281
143 0.005767345428466797
144 0.00588679313659668
145 0.0060193538665771484
146 0.006264925003051758
147 0.006647348403930664
148 0.006250858306884766
149 0.006709098815917969
150 0.0063440799713134766
151 0.011172294616699219
152 0.011321783065795898
153 0.01110386848449707
154 0.00619053840637207
155 0.006152629852294922
156 0.006030082702636719
157 0.006364583969116211
158 0.006135225296020508
159 0.006249666213989258
160 0.006288051605224609
161 0.006372213363647461
162 0.006428718566894531
163 0.006383657455444336
164 0.006551265716552734
165 0.006500244140625
166 0.0064847469329833984
167 0.006764650344848633
168 0.006502389907836914
169 0.006822824478149414
170 0.00652003288269043
171 0.006918907165527344
172 0.008665323257446289
173 0.013720989227294922
174 0.013527154922485352
175 0.013221025466918945
176 0.01410055160522461
177 0.008809804916381836
178 0.010460138320922852
179 0.006987810134887695
180 0.00701141357421875
181 0.007437467575073242
182 0.007515668869018555
183 0.007377147674560547
184 0.007965803146362305
185 0.008226633071899414
186 0.0081024169921875
187 0.007325410842895508
188 0.0075168609619140625
189 0.008071660995483398
190 0.007619619369506836
191 0.007410526275634766
192 0.007575511932373047
193 0.00749969482421875
194 0.008034706115722656
195 0.007963180541992188
196 0.008104801177978516
197 0.013512134552001953
198 0.012020111083984375
199 0.007980585098266602
200 0.008008241653442383
201 0.008291244506835938
202 0.008405685424804688
203 0.008173227310180664
204 0.008549928665161133
205 0.008255243301391602
206 0.00861668586730957
207 0.008872509002685547
208 0.008965015411376953
209 0.009017705917358398
210 0.008846521377563477
211 0.009072542190551758
212 0.008800983428955078
213 0.009192705154418945
214 0.008979320526123047
215 0.009500265121459961
216 0.009380578994750977
217 0.009351968765258789
218 0.016290664672851562
219 0.011466026306152344
220 0.00945591926574707
221 0.009438037872314453
222 0.00958704948425293
223 0.009296894073486328
224 0.009457826614379883
225 0.009735584259033203
226 0.009526968002319336
227 0.009766101837158203
228 0.009518623352050781
229 0.009629011154174805
230 0.009580373764038086
231 0.009674310684204102
232 0.009683609008789062
233 0.009824275970458984
234 0.009861230850219727
235 0.010218381881713867
236 0.010214567184448242
237 0.01580977439880371
238 0.009661674499511719
239 0.010122537612915039
240 0.010239124298095703
241 0.01085972785949707
242 0.010530948638916016
243 0.010465860366821289
244 0.01030731201171875
245 0.010671377182006836
246 0.010375022888183594
247 0.010427713394165039
248 0.01028752326965332
249 0.010421037673950195
250 0.010138511657714844
251 0.010483503341674805
252 0.010596752166748047
253 0.010671138763427734
254 0.011404037475585938
255 0.013884305953979492
256 0.010302066802978516
257 0.010686159133911133
258 0.010856389999389648
259 0.011071920394897461
260 0.011224508285522461
261 0.012006759643554688
262 0.010880231857299805
263 0.010915279388427734
264 0.010799169540405273
265 0.010951757431030273
266 0.010736942291259766
267 0.013643741607666016
268 0.011194467544555664
269 0.011422872543334961
270 0.011270523071289062
271 0.014696359634399414
272 0.015848875045776367
273 0.013656139373779297
274 0.014314889907836914
275 0.017321109771728516
276 0.013141632080078125
277 0.012668132781982422
278 0.012593269348144531
279 0.01145625114440918
280 0.011281013488769531
281 0.011517763137817383
282 0.011503458023071289
283 0.011492013931274414
284 0.012256622314453125
285 0.023044347763061523
286 0.018535614013671875
287 0.014767646789550781
288 0.011371135711669922
289 0.011456966400146484
290 0.01201176643371582
291 0.012514352798461914
292 0.012422800064086914
293 0.012693166732788086
294 0.012711286544799805
295 0.012155771255493164
296 0.011964797973632812
297 0.01207876205444336
298 0.012166500091552734
299 0.012705564498901367
300 0.01245880126953125
301 0.014209747314453125
302 0.012415647506713867
303 0.01276087760925293
304 0.013037443161010742
305 0.013093709945678711
306 0.013098001480102539
307 0.014327049255371094
308 0.012935161590576172
309 0.012794256210327148
310 0.012679100036621094
311 0.012951374053955078
312 0.012776374816894531
313 0.013028383255004883
314 0.01386404037475586
315 0.025251388549804688
316 0.020357608795166016
317 0.014568328857421875
318 0.01495361328125
319 0.01864004135131836
320 0.016974210739135742
321 0.014655590057373047
322 0.014528751373291016
323 0.014132022857666016
324 0.014003992080688477
325 0.014005661010742188
326 0.014020442962646484
327 0.01442408561706543
328 0.019635677337646484
329 0.01419210433959961
330 0.015512466430664062
331 0.015146017074584961
332 0.01555943489074707
333 0.01543569564819336
334 0.015115976333618164
335 0.022507190704345703
336 0.014103412628173828
337 0.014513969421386719
338 0.014317989349365234
339 0.025546550750732422
340 0.0218658447265625
341 0.016182422637939453
342 0.018573284149169922
343 0.0196075439453125
344 0.016254425048828125
345 0.01677703857421875
346 0.014774560928344727
347 0.014945030212402344
348 0.014750003814697266
349 0.015035390853881836
350 0.028269290924072266
351 0.019174575805664062
352 0.01833939552307129
353 0.019449949264526367
354 0.0174105167388916
355 0.017725467681884766
356 0.016410112380981445
357 0.015261173248291016
358 0.015061140060424805
359 0.015484809875488281
360 0.018476486206054688
361 0.02556467056274414
362 0.018187284469604492
363 0.01708698272705078
364 0.02074885368347168
365 0.0195009708404541
366 0.017554283142089844
367 0.01577925682067871
368 0.015612125396728516
369 0.015714645385742188
370 0.015529870986938477
371 0.01636481285095215
372 0.020260334014892578
373 0.016591787338256836
374 0.016109704971313477
375 0.016729354858398438
376 0.016768693923950195
377 0.0167238712310791
378 0.017777681350708008
379 0.016617298126220703
380 0.016031265258789062
381 0.016556978225708008
382 0.016002416610717773
383 0.02409815788269043
384 0.026303768157958984
385 0.016316652297973633
386 0.02078104019165039
387 0.021764755249023438
388 0.021249055862426758
389 0.01781606674194336
390 0.01639246940612793
391 0.016722917556762695
392 0.01645493507385254
393 0.016799211502075195
394 0.02527308464050293
395 0.02541971206665039
396 0.017672061920166016
397 0.02009868621826172
398 0.020274877548217773
399 0.019411325454711914
400 0.018152713775634766
401 0.01898193359375
402 0.017641067504882812
403 0.01727294921875
404 0.017244577407836914
405 0.01955270767211914
406 0.01987481117248535
407 0.017524003982543945
408 0.017731904983520508
409 0.018050193786621094
410 0.01766371726989746
411 0.017973661422729492
412 0.017537832260131836
413 0.01777029037475586
414 0.017561674118041992
415 0.017983198165893555
416 0.02279829978942871
417 0.017847061157226562
418 0.018071651458740234
419 0.018387556076049805
420 0.01791214942932129
421 0.0186002254486084
422 0.017866134643554688
423 0.01821613311767578
424 0.017917394638061523
425 0.018096923828125
426 0.018214702606201172
427 0.023935556411743164
428 0.018926620483398438
429 0.019777536392211914
430 0.019782304763793945
431 0.019345521926879883
432 0.018949270248413086
433 0.018433332443237305
434 0.01820993423461914
435 0.018662452697753906
436 0.01836991310119629
437 0.019098520278930664
438 0.02024221420288086
439 0.019953489303588867
440 0.023162364959716797
441 0.019107580184936523
442 0.01876521110534668
443 0.018877744674682617
444 0.018770217895507812
445 0.018801212310791016
446 0.018694400787353516
447 0.021360158920288086
448 0.02199697494506836
449 0.019551753997802734
450 0.01940464973449707
451 0.019820451736450195
452 0.01962423324584961
453 0.019489526748657227
454 0.0193789005279541
455 0.019674301147460938
456 0.0230710506439209
457 0.025443315505981445
458 0.03242325782775879
459 0.0265045166015625
460 0.026621580123901367
461 0.02646493911743164
462 0.024650096893310547
463 0.0250396728515625
464 0.024748802185058594
465 0.0266726016998291
466 0.02739882469177246
467 0.027243614196777344
468 0.02699589729309082
469 0.027230501174926758
470 0.025197744369506836
471 0.025465726852416992
472 0.02516627311706543
473 0.02585911750793457
474 0.027055025100708008
475 0.02759838104248047
476 0.030713796615600586
477 0.028888702392578125
478 0.025336503982543945
479 0.025942325592041016
480 0.026198387145996094
481 0.03125143051147461
482 0.02603626251220703
483 0.028769493103027344
484 0.027631044387817383
485 0.02704930305480957
486 0.0258026123046875
487 0.026441097259521484
488 0.026424646377563477
489 0.028136730194091797
490 0.026912689208984375
491 0.02724742889404297
492 0.02655172348022461
493 0.0271303653717041
494 0.02642202377319336
495 0.027107954025268555
496 0.027199268341064453
497 0.02890324592590332
498 0.028033733367919922
499 0.031020641326904297
