5 2.4080276489257812e-05
6 3.123283386230469e-05
7 4.863739013671875e-05
8 7.534027099609375e-05
9 0.00012040138244628906
10 0.00019598007202148438
11 0.0003333091735839844
12 0.0005803108215332031
13 0.0006475448608398438
14 0.0008790493011474609
15 0.001344919204711914
16 0.003575563430786133
17 0.004843711853027344
18 0.005817890167236328
19 0.009251832962036133
20 0.015251636505126953
21 0.024049997329711914
22 0.039534568786621094
23 0.06334686279296875
24 0.10737395286560059
25 0.16516995429992676
26 0.26638197898864746
27 0.43274617195129395
28 0.6984162330627441
29 1.1148896217346191
