5 2.6226043701171875e-05
6 4.57763671875e-05
7 8.606910705566406e-05
8 0.00016880035400390625
9 0.0003197193145751953
10 0.0005927085876464844
11 0.0011882781982421875
12 0.00275421142578125
13 0.00431370735168457
14 0.008311986923217773
15 0.016007423400878906
16 0.03085470199584961
17 0.05871009826660156
18 0.11682009696960449
19 0.22497773170471191
20 0.42761969566345215
21 0.8261463642120361
22 1.5863301753997803
23 3.0569045543670654
24 5.891173839569092
25 11.467629671096802
26 21.995197534561157
27 42.66833519935608
28 82.8591878414154
29 162.0021870136261
