5 5.4836273193359375e-05
6 7.081031799316406e-05
7 0.00010848045349121094
8 0.00021004676818847656
9 0.00045418739318847656
10 0.0008461475372314453
11 0.0017867088317871094
12 0.003191232681274414
13 0.006284952163696289
14 0.01371455192565918
15 0.0384218692779541
16 0.07780241966247559
17 0.1666736602783203
18 0.18629980087280273
19 0.34374523162841797
20 0.6700491905212402
21 1.341688871383667
22 2.649484395980835
23 5.093711853027344
24 10.128175973892212
25 20.712554931640625
26 39.967480182647705
27 77.6146252155304
28 164.78675389289856
29 338.15125036239624
