5 1.9311904907226562e-05
6 3.147125244140625e-05
7 5.6743621826171875e-05
8 0.00010275840759277344
9 0.00018858909606933594
10 0.00036263465881347656
11 0.0006823539733886719
12 0.0012590885162353516
13 0.002235889434814453
14 0.004091978073120117
15 0.007557868957519531
16 0.014276981353759766
17 0.030034303665161133
18 0.047133684158325195
19 0.08762216567993164
20 0.16671395301818848
21 0.29965949058532715
22 0.5486085414886475
23 1.013742208480835
24 1.8599114418029785
25 3.4326839447021484
26 6.316631078720093
27 11.610740900039673
28 21.224727153778076
29 39.067346811294556
