5 14987264
6 14987264
7 14987264
8 14987264
9 14987264
10 14741504
11 14741504
12 14741504
13 14741504
14 14741504
15 14741504
16 14741504
17 14741504
18 14741504
19 14741504
20 14741504
21 14741504
22 14741504
23 14741504
24 14741504
25 14741504
26 14741504
27 14741504
28 14741504
29 14741504
30 14741504
31 14741504
32 14741504
33 14741504
34 14741504
35 14741504
36 14741504
37 14741504
38 14741504
39 14741504
40 14741504
41 14741504
42 14741504
43 14741504
44 14741504
45 14741504
46 14741504
47 14741504
48 14741504
49 14741504
50 14741504
51 14741504
52 14741504
53 14741504
54 14741504
55 14741504
56 14741504
57 14741504
58 14741504
59 14741504
60 14741504
61 14741504
62 14741504
63 14741504
64 14741504
65 14741504
66 14741504
67 14741504
68 14741504
69 14741504
70 14741504
71 14741504
72 14741504
73 14741504
74 14741504
75 14741504
76 14741504
77 14741504
78 14741504
79 14741504
80 14741504
81 14741504
82 14741504
83 14741504
84 14741504
85 14741504
86 14741504
87 14741504
88 14741504
89 14741504
90 14741504
91 14741504
92 14741504
93 14741504
94 14741504
95 14741504
96 14741504
97 14741504
98 14741504
99 14741504
100 14741504
101 14741504
102 14741504
103 14741504
104 14741504
105 14741504
106 14741504
107 14741504
108 14741504
109 14741504
110 14741504
111 14741504
112 14741504
113 14741504
114 14741504
115 14741504
116 14741504
117 14741504
118 14741504
119 14741504
120 14741504
121 14741504
122 14741504
123 14741504
124 14741504
125 14741504
126 14741504
127 14741504
128 14741504
129 14741504
130 14741504
131 14741504
132 14741504
133 14741504
134 14741504
135 14741504
136 14741504
137 14741504
138 14741504
139 14741504
140 14741504
141 14741504
142 14741504
143 14741504
144 14741504
145 14741504
146 14741504
147 14741504
148 14741504
149 14741504
150 14741504
151 14741504
152 14741504
153 14741504
154 14741504
155 14741504
156 14741504
157 14741504
158 14741504
159 14741504
160 14741504
161 14741504
162 14741504
163 14741504
164 14741504
165 14741504
166 14741504
167 14741504
168 14741504
169 14741504
170 14741504
171 14741504
172 14741504
173 14741504
174 14741504
175 14741504
176 14741504
177 14741504
178 14741504
179 14741504
180 14741504
181 14741504
182 14741504
183 14741504
184 14741504
185 14741504
186 14741504
187 14741504
188 14741504
189 14741504
190 14741504
191 14741504
192 14741504
193 14741504
194 14741504
195 14741504
196 14741504
197 14741504
198 14741504
199 14741504
200 14741504
201 14741504
202 14741504
203 14741504
204 14741504
205 14741504
206 14741504
207 14741504
208 14741504
209 14741504
210 14741504
211 14741504
212 14741504
213 14741504
214 14741504
215 14741504
216 14741504
217 14741504
218 14741504
219 14741504
220 14741504
221 14741504
222 14741504
223 14741504
224 14741504
225 14741504
226 14741504
227 14741504
228 14741504
229 14741504
230 14741504
231 14741504
232 14741504
233 14741504
234 14741504
235 14741504
236 14741504
237 14741504
238 14741504
239 14741504
240 14741504
241 14741504
242 14741504
243 14741504
244 14741504
245 14741504
246 14741504
247 14741504
248 14741504
249 14741504
250 14741504
251 14741504
252 14741504
253 14741504
254 14741504
255 14741504
256 14741504
257 14741504
258 14741504
259 14741504
260 14741504
261 14741504
262 14741504
263 14741504
264 14741504
265 14741504
266 14741504
267 14741504
268 14741504
269 14741504
270 14741504
271 14741504
272 14741504
273 14741504
274 14741504
275 14741504
276 14741504
277 14741504
278 14741504
279 14741504
280 14741504
281 14741504
282 14741504
283 14741504
284 14741504
285 14741504
286 14741504
287 14741504
288 14741504
289 14741504
290 14741504
291 14741504
292 14741504
293 14741504
294 14741504
295 14741504
296 14741504
297 14741504
298 14741504
299 14741504
300 14741504
301 14741504
302 14741504
303 14741504
304 14741504
305 14741504
306 14741504
307 14741504
308 14741504
309 14741504
310 14741504
311 14741504
312 14741504
313 14741504
314 14741504
315 14741504
316 14741504
317 14741504
318 14741504
319 14741504
320 14741504
321 14741504
322 14741504
323 14741504
324 14741504
325 14741504
326 14741504
327 14741504
328 14741504
329 14741504
330 14741504
331 14741504
332 14741504
333 14741504
334 14741504
335 14741504
336 14741504
337 14741504
338 14741504
339 14741504
340 14741504
341 14741504
342 14741504
343 14741504
344 14741504
345 14741504
346 14741504
347 14741504
348 14741504
349 14741504
350 14741504
351 14741504
352 14741504
353 14741504
354 14741504
355 14741504
356 14741504
357 14741504
358 14741504
359 14741504
360 14741504
361 14741504
362 14741504
363 14741504
364 14741504
365 14741504
366 14741504
367 14741504
368 14741504
369 14741504
370 14741504
371 14741504
372 14741504
373 14741504
374 14741504
375 14741504
376 14741504
377 14741504
378 14741504
379 14741504
380 14741504
381 14741504
382 14741504
383 14741504
384 14741504
385 14741504
386 14741504
387 14741504
388 14741504
389 14741504
390 14741504
391 14741504
392 14741504
393 14741504
394 14741504
395 14741504
396 14741504
397 14741504
398 14741504
399 14741504
400 14741504
401 14741504
402 14741504
403 14741504
404 14741504
405 14741504
406 14741504
407 14741504
408 14741504
409 14741504
410 14741504
411 14741504
412 14741504
413 14741504
414 14741504
415 14741504
416 14741504
417 14741504
418 14741504
419 14741504
420 14741504
421 14741504
422 14741504
423 14741504
424 14741504
425 14741504
426 14741504
427 14741504
428 14741504
429 14741504
430 14741504
431 14741504
432 14741504
433 14741504
434 14741504
435 14741504
436 14741504
437 14741504
438 14741504
439 14741504
440 14741504
441 14741504
442 14741504
443 14741504
444 14741504
445 14741504
446 14741504
447 14741504
448 14741504
449 14741504
450 14741504
451 14741504
452 14741504
453 14741504
454 14741504
455 14741504
456 14741504
457 14741504
458 14741504
459 14741504
460 14741504
461 14741504
462 14741504
463 14741504
464 14741504
465 14741504
466 14741504
467 14741504
468 14741504
469 14741504
470 14741504
471 14741504
472 14741504
473 14741504
474 14741504
475 14741504
476 14741504
477 15007744
478 15007744
479 15007744
480 15007744
481 15007744
482 15007744
483 15007744
484 15007744
485 15007744
486 15007744
487 15007744
488 15007744
489 15007744
490 15007744
491 15007744
492 15007744
493 15007744
494 15007744
495 15007744
496 15007744
497 15007744
498 15007744
499 15007744
