5 14987264
6 14721024
7 14721024
8 14721024
9 14721024
10 14721024
11 14721024
12 14721024
13 14721024
14 14721024
15 14721024
16 14721024
17 14721024
18 14721024
19 14721024
20 14721024
21 14721024
22 14721024
23 14721024
24 14721024
25 14721024
26 14721024
27 14721024
28 14721024
29 14721024
30 14721024
31 14721024
32 14721024
33 14721024
34 14721024
35 14721024
36 14721024
37 14721024
38 14721024
39 14721024
40 14721024
41 14721024
42 14721024
43 14721024
44 14721024
45 14721024
46 14721024
47 14721024
48 14721024
49 14721024
50 14721024
51 14721024
52 14721024
53 14721024
54 14721024
55 14721024
56 14721024
57 14721024
58 14721024
59 14721024
60 14721024
61 14721024
62 14721024
63 14721024
64 14721024
65 14721024
66 14721024
67 14721024
68 14721024
69 14721024
70 14721024
71 14721024
72 14721024
73 14721024
74 14721024
75 14721024
76 14721024
77 14721024
78 14721024
79 14721024
80 14721024
81 14721024
82 14721024
83 14721024
84 14721024
85 14721024
86 14721024
87 14721024
88 14721024
89 14721024
90 14721024
91 14721024
92 14721024
93 14721024
94 14721024
95 14721024
96 14721024
97 14721024
98 14721024
99 14721024
100 14721024
101 14721024
102 14721024
103 14721024
104 14721024
105 14721024
106 14721024
107 14721024
108 14721024
109 14721024
110 14721024
111 14721024
112 14721024
113 14721024
114 14721024
115 14721024
116 14721024
117 14721024
118 14721024
119 14721024
120 14721024
121 14721024
122 14721024
123 14721024
124 14721024
125 14721024
126 14721024
127 14721024
128 14721024
129 14721024
130 14721024
131 14721024
132 14721024
133 14721024
134 14721024
135 14721024
136 14721024
137 14721024
138 14721024
139 14721024
140 14721024
141 14721024
142 14721024
143 14721024
144 14721024
145 14721024
146 14721024
147 14721024
148 14721024
149 14721024
150 14721024
151 14721024
152 14721024
153 14721024
154 14721024
155 14721024
156 14721024
157 14721024
158 14721024
159 14721024
160 14721024
161 14721024
162 14721024
163 14721024
164 14721024
165 14721024
166 14721024
167 14721024
168 14721024
169 14721024
170 14721024
171 14721024
172 14721024
173 14721024
174 14721024
175 14721024
176 14721024
177 14721024
178 14721024
179 14721024
180 14721024
181 14721024
182 14721024
183 14721024
184 14721024
185 14721024
186 14721024
187 14721024
188 14721024
189 14721024
190 14721024
191 14721024
192 14721024
193 14721024
194 14721024
195 14721024
196 14721024
197 14721024
198 14721024
199 14721024
200 14721024
201 14721024
202 14721024
203 14721024
204 14721024
205 14721024
206 14721024
207 14721024
208 14721024
209 14721024
210 14721024
211 14721024
212 14721024
213 14721024
214 14721024
215 14721024
216 14721024
217 14721024
218 14721024
219 14721024
220 14721024
221 14721024
222 14721024
223 14721024
224 14721024
225 14721024
226 14721024
227 14721024
228 14721024
229 14721024
230 14721024
231 14721024
232 14721024
233 14721024
234 14721024
235 14721024
236 14721024
237 14721024
238 14721024
239 14721024
240 14721024
241 14721024
242 14721024
243 14721024
244 14721024
245 14721024
246 14721024
247 14721024
248 14721024
249 14721024
250 14721024
251 14721024
252 14721024
253 14721024
254 14721024
255 14721024
256 14721024
257 14721024
258 14721024
259 14721024
260 14721024
261 14721024
262 14721024
263 14721024
264 14721024
265 14721024
266 14721024
267 14721024
268 14721024
269 14721024
270 14721024
271 14721024
272 14721024
273 14721024
274 14721024
275 14721024
276 14721024
277 14721024
278 14721024
279 14721024
280 14721024
281 14721024
282 14721024
283 14721024
284 14721024
285 14721024
286 14721024
287 14721024
288 14721024
289 14721024
290 14721024
291 14721024
292 14721024
293 14721024
294 14721024
295 14721024
296 14721024
297 14721024
298 14721024
299 14721024
300 14721024
301 14721024
302 14721024
303 14721024
304 14721024
305 14721024
306 14721024
307 14721024
308 14721024
309 14721024
310 14721024
311 14721024
312 14721024
313 14721024
314 14721024
315 14721024
316 14721024
317 14721024
318 14721024
319 14721024
320 14721024
321 14721024
322 14721024
323 14721024
324 14721024
325 14721024
326 14721024
327 14721024
328 14721024
329 14721024
330 14721024
331 14721024
332 14721024
333 14721024
334 14721024
335 14721024
336 14721024
337 14721024
338 14721024
339 14721024
340 14721024
341 14721024
342 14721024
343 14721024
344 14721024
345 14721024
346 14721024
347 14721024
348 14721024
349 14721024
350 14721024
351 14721024
352 14721024
353 14721024
354 14721024
355 14721024
356 14721024
357 14721024
358 14721024
359 14721024
360 14721024
361 14721024
362 14721024
363 14721024
364 14721024
365 14721024
366 14721024
367 14721024
368 14721024
369 14721024
370 14721024
371 14721024
372 14721024
373 14721024
374 14721024
375 14721024
376 14721024
377 14721024
378 14721024
379 14721024
380 14721024
381 14721024
382 14721024
383 14721024
384 14721024
385 14721024
386 14721024
387 14721024
388 14721024
389 14721024
390 14721024
391 14721024
392 14721024
393 14721024
394 14721024
395 14721024
396 14721024
397 14721024
398 14721024
399 14721024
400 14721024
401 14721024
402 14721024
403 14721024
404 14721024
405 14721024
406 14721024
407 14721024
408 14721024
409 14721024
410 14721024
411 14721024
412 14721024
413 14721024
414 14721024
415 14721024
416 14721024
417 14721024
418 14721024
419 14721024
420 14721024
421 14721024
422 14721024
423 14721024
424 14721024
425 14721024
426 14721024
427 14721024
428 14721024
429 14721024
430 14721024
431 14721024
432 14721024
433 14721024
434 14721024
435 14721024
436 14721024
437 14721024
438 14721024
439 14721024
440 14721024
441 14721024
442 14721024
443 14721024
444 14721024
445 14721024
446 14721024
447 14721024
448 14721024
449 14721024
450 14721024
451 14721024
452 14721024
453 14721024
454 14721024
455 14721024
456 14721024
457 14721024
458 14721024
459 14721024
460 14721024
461 14721024
462 14721024
463 14721024
464 14721024
465 14721024
466 14721024
467 14721024
468 14721024
469 14721024
470 14721024
471 14721024
472 14721024
473 14721024
474 14987264
475 14987264
476 14987264
477 14987264
478 14987264
479 14987264
480 14987264
481 14987264
482 14987264
483 14987264
484 14987264
485 14987264
486 14987264
487 14987264
488 14987264
489 14987264
490 14987264
491 14987264
492 14987264
493 14987264
494 14987264
495 14987264
496 14987264
497 14987264
498 14987264
499 14987264
