5 12853248
6 12853248
7 12853248
8 12853248
9 12853248
10 13123584
11 13123584
12 13123584
13 13123584
14 13123584
15 13123584
16 13123584
17 13123584
18 13123584
19 13123584
20 13123584
21 13123584
22 13123584
23 13123584
24 13123584
25 13123584
26 13123584
27 13123584
28 13123584
29 13123584
30 13123584
31 13123584
32 13123584
33 13123584
34 13123584
35 13123584
36 13123584
37 13123584
38 13123584
39 13123584
40 13123584
41 13123584
42 13123584
43 13123584
44 13123584
45 13123584
46 13123584
47 13123584
48 13123584
49 13123584
50 13123584
51 13123584
52 13123584
53 13123584
54 13123584
55 13123584
56 13123584
57 13123584
58 13123584
59 13123584
60 13123584
61 13123584
62 13123584
63 13123584
64 13123584
65 13123584
66 13123584
67 13123584
68 13123584
69 13123584
70 13123584
71 13123584
72 13123584
73 13123584
74 13393920
75 13393920
76 13393920
77 13393920
78 13393920
79 13393920
80 13393920
81 13393920
82 13393920
83 13393920
84 13393920
85 13393920
86 13393920
87 13393920
88 13393920
89 13393920
90 13393920
91 13393920
92 13393920
93 13393920
94 13393920
95 13393920
96 13393920
97 13393920
98 13393920
99 13393920
100 13393920
101 13393920
102 13393920
103 13393920
104 13393920
105 13393920
106 13393920
107 13393920
108 13393920
109 13393920
110 13393920
111 13393920
112 13393920
113 13393920
114 13393920
115 13393920
116 13393920
117 13393920
118 13393920
119 13393920
120 13393920
121 13393920
122 13393920
123 13393920
124 13393920
125 13393920
126 13393920
127 13393920
128 13393920
129 13393920
130 13393920
131 13393920
132 13393920
133 13393920
134 13393920
135 13393920
136 13393920
137 13393920
138 13393920
139 13393920
140 13393920
141 13393920
142 13664256
143 13664256
144 13664256
145 13664256
146 13664256
147 13664256
148 13664256
149 13664256
150 13664256
151 13664256
152 13664256
153 13664256
154 13664256
155 13664256
156 13664256
157 13664256
158 13664256
159 13664256
160 13664256
161 13664256
162 13664256
163 13664256
164 13664256
165 13664256
166 13664256
167 13664256
168 13664256
169 13664256
170 13664256
171 13664256
172 13664256
173 13664256
174 13664256
175 13664256
176 13664256
177 13664256
178 13664256
179 13664256
180 13664256
181 13664256
182 13664256
183 13664256
184 13664256
185 13664256
186 13664256
187 13664256
188 13664256
189 13664256
190 13664256
191 13664256
192 13664256
193 13664256
194 13664256
195 13664256
196 13664256
197 13664256
198 13664256
199 13664256
200 13664256
201 13664256
202 13664256
203 13664256
204 13664256
205 13664256
206 13664256
207 13664256
208 13664256
209 13664256
210 13934592
211 13934592
212 13934592
213 13934592
214 13934592
215 13934592
216 13934592
217 13934592
218 13934592
219 13934592
220 13934592
221 13934592
222 13934592
223 13934592
224 13934592
225 13934592
226 13934592
227 13934592
228 13934592
229 13934592
230 13934592
231 13934592
232 13934592
233 13934592
234 13934592
235 13934592
236 13934592
237 13934592
238 13934592
239 13934592
240 13934592
241 13934592
242 13934592
243 13934592
244 13934592
245 13934592
246 13934592
247 13934592
248 13934592
249 13934592
250 13934592
251 13934592
252 13934592
253 13934592
254 13934592
255 13934592
256 13934592
257 13934592
258 13934592
259 13934592
260 13934592
261 13934592
262 13934592
263 13934592
264 13934592
265 13934592
266 13934592
267 13934592
268 13934592
269 13934592
270 13934592
271 13934592
272 13934592
273 13934592
274 13934592
275 13934592
276 13934592
277 13934592
278 13934592
279 13934592
280 13934592
281 14204928
282 14204928
283 14204928
284 14204928
285 14204928
286 14204928
287 14204928
288 14204928
289 14204928
290 14204928
291 14204928
292 14204928
293 14204928
294 14204928
295 14204928
296 14204928
297 14204928
298 14204928
299 14204928
300 14204928
301 14204928
302 14204928
303 14204928
304 14204928
305 14204928
306 14204928
307 14204928
308 14204928
309 14204928
310 14204928
311 14204928
312 14204928
313 14204928
314 14204928
315 14204928
316 14204928
317 14204928
318 14204928
319 14204928
320 14204928
321 14204928
322 14204928
323 14204928
324 14204928
325 14204928
326 14204928
327 14204928
328 14204928
329 14204928
330 14204928
331 14204928
332 14204928
333 14204928
334 14204928
335 14204928
336 14204928
337 14204928
338 14204928
339 14204928
340 14204928
341 14204928
342 14204928
343 14204928
344 14204928
345 14204928
346 14204928
347 14204928
348 14204928
349 14204928
350 14475264
351 14475264
352 14475264
353 14475264
354 14475264
355 14475264
356 14475264
357 14475264
358 14475264
359 14475264
360 14475264
361 14475264
362 14475264
363 14475264
364 14475264
365 14475264
366 14475264
367 14475264
368 14475264
369 14475264
370 14475264
371 14475264
372 14475264
373 14475264
374 14475264
375 14475264
376 14475264
377 14475264
378 14475264
379 14475264
380 14475264
381 14475264
382 14475264
383 14475264
384 14475264
385 14475264
386 14475264
387 14475264
388 14475264
389 14475264
390 14475264
391 14475264
392 14475264
393 14475264
394 14475264
395 14475264
396 14475264
397 14475264
398 14475264
399 14475264
400 14475264
401 14475264
402 14475264
403 14475264
404 14475264
405 14475264
406 14475264
407 14475264
408 14475264
409 14475264
410 14475264
411 14475264
412 14475264
413 14475264
414 14475264
415 14475264
416 14475264
417 14745600
418 14745600
419 14745600
420 14745600
421 14745600
422 14745600
423 14745600
424 14745600
425 14745600
426 14745600
427 14745600
428 14745600
429 14745600
430 14745600
431 14745600
432 14745600
433 14745600
434 14745600
435 14745600
436 14745600
437 14745600
438 14745600
439 14745600
440 14745600
441 14745600
442 14745600
443 14745600
444 14745600
445 14745600
446 14745600
447 14745600
448 14745600
449 14745600
450 14745600
451 14745600
452 14745600
453 14745600
454 14745600
455 14745600
456 14745600
457 14745600
458 14745600
459 14745600
460 14745600
461 14745600
462 14745600
463 14745600
464 14745600
465 14745600
466 14745600
467 14745600
468 14745600
469 14745600
470 14745600
471 14745600
472 14745600
473 14745600
474 14745600
475 14745600
476 14745600
477 14745600
478 14745600
479 14745600
480 14745600
481 14745600
482 14745600
483 14745600
484 14745600
485 14745600
486 14745600
487 14745600
488 15015936
489 15015936
490 15015936
491 15015936
492 15015936
493 15015936
494 15015936
495 15015936
496 15015936
497 15015936
498 15015936
499 15015936
500 15015936
501 15015936
502 15015936
503 15015936
504 15015936
505 15015936
506 15015936
507 15015936
508 15015936
509 15015936
510 15015936
511 15015936
512 15015936
513 15015936
514 15015936
515 15015936
516 15015936
517 15015936
518 15015936
519 15015936
520 15015936
521 15015936
522 15015936
523 15015936
524 15015936
525 15015936
526 15015936
527 15015936
528 15015936
529 15015936
530 15015936
531 15015936
532 15015936
533 15015936
534 15015936
535 15015936
536 15015936
537 15015936
538 15015936
539 15015936
540 15015936
541 15015936
542 15015936
543 15015936
544 15015936
545 15015936
546 15015936
547 15015936
548 15015936
549 15015936
550 15015936
551 15015936
552 15015936
553 15015936
554 15015936
555 15015936
556 15015936
557 15015936
558 15286272
559 15286272
560 15286272
561 15286272
562 15286272
563 15286272
564 15286272
565 15286272
566 15286272
567 15286272
568 15286272
569 15286272
570 15286272
571 15286272
572 15286272
573 15286272
574 15286272
575 15286272
576 15286272
577 15286272
578 15286272
579 15286272
580 15286272
581 15286272
582 15286272
583 15286272
584 15286272
585 15286272
586 15286272
587 15286272
588 15286272
589 15286272
590 15286272
591 15286272
592 15286272
593 15286272
594 15286272
595 15286272
596 15286272
597 15286272
598 15286272
599 15286272
600 15286272
601 15286272
602 15286272
603 15286272
604 15286272
605 15286272
606 15286272
607 15286272
608 15286272
609 15286272
610 15286272
611 15286272
612 15286272
613 15286272
614 15286272
615 15286272
616 15286272
617 15286272
618 15286272
619 15286272
620 15286272
621 15286272
622 15286272
623 15286272
624 15286272
625 15286272
626 15286272
627 15286272
628 15286272
629 15556608
630 15556608
631 15556608
632 15556608
633 15556608
634 15556608
635 15556608
636 15556608
637 15556608
638 15556608
639 15556608
640 15556608
641 15556608
642 15556608
643 15556608
644 15556608
645 15556608
646 15556608
647 15556608
648 15556608
649 15556608
650 15556608
651 15556608
652 15556608
653 15556608
654 15556608
655 15556608
656 15556608
657 15556608
658 15556608
659 15556608
660 15556608
661 15556608
662 15556608
663 15556608
664 15556608
665 15556608
666 15556608
667 15556608
668 15556608
669 15556608
670 15556608
671 15556608
672 15556608
673 15556608
674 15556608
675 15556608
676 15556608
677 15556608
678 15556608
679 15556608
680 15556608
681 15556608
682 15556608
683 15556608
684 15556608
685 15556608
686 15556608
687 15556608
688 15556608
689 15556608
690 15556608
691 15556608
692 15556608
693 15556608
694 15556608
695 15556608
696 15556608
697 15556608
698 15556608
699 15556608
700 15826944
701 15826944
702 15826944
703 15826944
704 15826944
705 15826944
706 15826944
707 15826944
708 15826944
709 15826944
710 15826944
711 15826944
712 15826944
713 15826944
714 15826944
715 15826944
716 15826944
717 15826944
718 15826944
719 15826944
720 15826944
721 15826944
722 15826944
723 15826944
724 15826944
725 15826944
726 15826944
727 15826944
728 15826944
729 15826944
730 15826944
731 15826944
732 15826944
733 15826944
734 15826944
735 15826944
736 15826944
737 15826944
738 15826944
739 15826944
740 15826944
741 15826944
742 15826944
743 15826944
744 15826944
745 15826944
746 15826944
747 15826944
748 15826944
749 15826944
750 15826944
751 15826944
752 15826944
753 15826944
754 15826944
755 15826944
756 15826944
757 15826944
758 15826944
759 15826944
760 15826944
761 15826944
762 15826944
763 15826944
764 15826944
765 15826944
766 15826944
767 15826944
768 15826944
769 15826944
770 15826944
771 15826944
772 16097280
773 16097280
774 16097280
775 16097280
776 16097280
777 16097280
778 16097280
779 16097280
780 16097280
781 16097280
782 16097280
783 16097280
784 16097280
785 16097280
786 16097280
787 16097280
788 16097280
789 16097280
790 16097280
791 16097280
792 16097280
793 16097280
794 16097280
795 16097280
796 16097280
797 16097280
798 16097280
799 16097280
800 16097280
801 16097280
802 16097280
803 16097280
804 16097280
805 16097280
806 16097280
807 16097280
808 16097280
809 16097280
810 16097280
811 16097280
812 16097280
813 16097280
814 16097280
815 16097280
816 16097280
817 16228352
818 16228352
819 16228352
820 16228352
821 16228352
822 16228352
823 16228352
824 16228352
825 16228352
826 16228352
827 16228352
828 16228352
829 16228352
830 16228352
831 16228352
832 16228352
833 16228352
834 16228352
835 16228352
836 16228352
837 16228352
838 16228352
839 16228352
840 16228352
841 16228352
842 16228352
843 16228352
844 16228352
845 16228352
846 16228352
847 16228352
848 16322560
849 16322560
850 16322560
851 16322560
852 16322560
853 16322560
854 16322560
855 16322560
856 16322560
857 16322560
858 16322560
859 16322560
860 16322560
861 16322560
862 16322560
863 16322560
864 16322560
865 16322560
866 16322560
867 16322560
868 16429056
869 16429056
870 16429056
871 16429056
872 16396288
873 16334848
874 16334848
875 16338944
876 16338944
877 16338944
878 16338944
879 16338944
880 16338944
881 16338944
882 16338944
883 16338944
884 16338944
885 16343040
886 16343040
887 16343040
888 16343040
889 16347136
890 16347136
891 16351232
892 16355328
893 16359424
894 16359424
895 16367616
896 16371712
897 16375808
898 16379904
899 16384000
900 16384000
901 16392192
902 16392192
903 16400384
904 16404480
905 16408576
906 16412672
907 16416768
908 16416768
909 16420864
910 16424960
911 16429056
912 16429056
913 16433152
914 16441344
915 16445440
916 16445440
917 16449536
918 16449536
919 16457728
920 16457728
921 16465920
922 16465920
923 16470016
924 16474112
925 16478208
926 16482304
927 16486400
928 16486400
929 16494592
930 16498688
931 16502784
932 16506880
933 16510976
934 16519168
935 16523264
936 16527360
937 16527360
938 16531456
939 16535552
940 16535552
941 16539648
942 16543744
943 16547840
944 16551936
945 16556032
946 16560128
947 16564224
948 16564224
949 16568320
950 16572416
951 16576512
952 16580608
953 16584704
954 16588800
955 16592896
956 16596992
957 16601088
958 16605184
959 16605184
960 16609280
961 16613376
962 16613376
963 16617472
964 16625664
965 16629760
966 16633856
967 16637952
968 16642048
969 16642048
970 16646144
971 16650240
972 16650240
973 16662528
974 16666624
975 16670720
976 16670720
977 16678912
978 16678912
979 16683008
980 16687104
981 16687104
982 16691200
983 16699392
984 16699392
985 16703488
986 16707584
987 16711680
988 16711680
989 16715776
990 16719872
991 16723968
992 16728064
993 16736256
994 16736256
995 16736256
996 16744448
997 16752640
998 16752640
999 16756736
1000 16760832
1001 16764928
1002 16769024
1003 16773120
1004 16777216
1005 16781312
1006 16785408
1007 16789504
1008 16789504
1009 16793600
1010 16797696
1011 16801792
1012 16805888
1013 16814080
1014 16818176
1015 16822272
1016 16826368
1017 16826368
1018 16830464
1019 16834560
1020 16838656
1021 16842752
1022 16842752
1023 16850944
1024 16855040
1025 16859136
1026 16859136
1027 16863232
1028 16867328
1029 16871424
1030 16871424
1031 16875520
1032 16879616
1033 16887808
1034 16887808
1035 16891904
1036 16896000
1037 16896000
1038 16900096
1039 16904192
1040 16908288
1041 16912384
1042 16916480
1043 16920576
1044 16924672
1045 16932864
1046 16932864
1047 16936960
1048 16941056
1049 16945152
1050 16949248
1051 16949248
1052 16957440
1053 16961536
1054 16961536
1055 16965632
1056 16969728
1057 16969728
1058 16973824
1059 16977920
1060 16982016
1061 16986112
1062 16990208
1063 16994304
1064 16998400
1065 17002496
1066 17006592
1067 17006592
1068 17010688
1069 17014784
1070 17018880
1071 17022976
1072 17031168
1073 17031168
1074 17035264
1075 17039360
1076 17043456
1077 17043456
1078 17047552
1079 17051648
1080 17055744
1081 17055744
1082 17063936
1083 17068032
1084 17072128
1085 17072128
1086 17076224
1087 17076224
1088 17084416
1089 17084416
1090 17088512
1091 17092608
1092 17100800
1093 17100800
1094 17104896
1095 17108992
1096 17113088
1097 17113088
1098 17117184
1099 17121280
1100 17125376
1101 17129472
1102 17133568
1103 17137664
1104 17141760
1105 17141760
1106 17149952
1107 17149952
1108 17154048
1109 17158144
1110 17158144
1111 17166336
1112 17170432
1113 17174528
1114 17174528
1115 17182720
1116 17182720
1117 17186816
1118 17190912
1119 17195008
1120 17195008
1121 17215488
1122 17207296
1123 17211392
1124 17215488
1125 17215488
1126 17219584
1127 17223680
1128 17227776
1129 17227776
1130 17231872
1131 17240064
1132 17244160
1133 17244160
1134 17252352
1135 17256448
1136 17256448
1137 17260544
1138 17264640
1139 17264640
1140 17268736
1141 17276928
1142 17276928
1143 17281024
1144 17285120
1145 17289216
1146 17289216
1147 17293312
1148 17297408
1149 17301504
1150 17301504
1151 17309696
1152 17313792
1153 17317888
1154 17317888
1155 17321984
1156 17326080
1157 17330176
1158 17334272
1159 17338368
1160 17342464
1161 17346560
1162 17346560
1163 17354752
1164 17354752
1165 17358848
1166 17362944
1167 17367040
1168 17367040
1169 17371136
1170 17379328
1171 17383424
1172 17383424
1173 17387520
1174 17391616
1175 17395712
1176 17399808
1177 17399808
1178 17403904
1179 17408000
1180 17412096
1181 17416192
1182 17420288
1183 17424384
1184 17448960
1185 17428480
1186 17432576
1187 17436672
1188 17440768
1189 17444864
1190 17448960
1191 17453056
1192 17457152
1193 17461248
1194 17461248
1195 17465344
1196 17465344
1197 17469440
1198 17473536
1199 17477632
1200 17481728
1201 17485824
1202 17489920
1203 17494016
1204 17498112
1205 17502208
1206 17502208
1207 17506304
1208 17510400
1209 17514496
1210 17518592
1211 17522688
1212 17526784
1213 17530880
1214 17530880
1215 17534976
1216 17539072
1217 17543168
1218 17543168
1219 17547264
1220 17555456
1221 17559552
1222 17559552
1223 17563648
1224 17567744
1225 17571840
1226 17575936
1227 17580032
1228 17580032
1229 17588224
1230 17592320
1231 17596416
1232 17600512
1233 17600512
1234 17604608
1235 17608704
1236 17608704
1237 17612800
1238 17616896
1239 17625088
1240 17625088
1241 17629184
1242 17633280
1243 17637376
1244 17641472
1245 17645568
1246 17649664
1247 17674240
1248 17653760
1249 17657856
1250 17661952
1251 17666048
1252 17670144
1253 17674240
1254 17674240
1255 17674240
1256 17678336
1257 17678336
1258 17682432
1259 17690624
1260 17694720
1261 17694720
1262 17698816
1263 17702912
1264 17707008
1265 17707008
1266 17711104
1267 17715200
1268 17719296
1269 17723392
1270 17731584
1271 17731584
1272 17735680
1273 17739776
1274 17743872
1275 17743872
1276 17743872
1277 17752064
1278 17752064
1279 17760256
1280 17764352
1281 17768448
1282 17772544
1283 17772544
1284 17776640
1285 17780736
1286 17784832
1287 17784832
1288 17793024
1289 17797120
1290 17801216
1291 17805312
1292 17805312
1293 17809408
1294 17813504
1295 17817600
1296 17821696
1297 17821696
1298 17829888
1299 17833984
1300 17838080
1301 17100800
1302 17842176
1303 17842176
1304 17850368
1305 17850368
1306 17854464
1307 17858560
1308 17866752
1309 17870848
1310 17879040
1311 17874944
1312 17874944
1313 17883136
1314 17883136
1315 17887232
1316 17891328
1317 17891328
1318 17899520
1319 17903616
1320 17907712
1321 17907712
1322 17911808
1323 17915904
1324 17915904
1325 17924096
1326 17924096
1327 17928192
1328 17936384
1329 17940480
1330 17940480
1331 17944576
1332 17948672
1333 17952768
1334 17952768
1335 17956864
1336 17965056
1337 17965056
1338 17973248
1339 17973248
1340 17977344
1341 17981440
1342 17985536
1343 17985536
1344 17989632
1345 17993728
1346 17997824
1347 17997824
1348 18006016
1349 18010112
1350 18014208
1351 18014208
1352 18018304
1353 18022400
1354 18026496
1355 18030592
1356 18030592
1357 18038784
1358 18042880
1359 18046976
1360 18051072
1361 18051072
1362 18055168
1363 18059264
1364 18059264
1365 18063360
1366 18067456
1367 18075648
1368 18079744
1369 18079744
1370 18083840
1371 18087936
1372 18092032
1373 18112512
1374 18096128
1375 18100224
1376 18100224
1377 18108416
1378 18112512
1379 18116608
1380 18116608
1381 18124800
1382 18124800
1383 18128896
1384 18132992
1385 18132992
1386 18137088
1387 18145280
1388 18149376
1389 18153472
1390 18153472
1391 18161664
1392 18161664
1393 18165760
1394 18165760
1395 18169856
1396 18173952
1397 18182144
1398 18186240
1399 18186240
1400 18190336
1401 18194432
1402 18198528
1403 18202624
1404 18202624
1405 18206720
1406 18210816
1407 18219008
1408 18219008
1409 18223104
1410 18227200
1411 18231296
1412 18231296
1413 18235392
1414 18239488
1415 18243584
1416 18251776
1417 18251776
1418 18255872
1419 18259968
1420 18264064
1421 18264064
1422 18268160
1423 18272256
1424 18276352
1425 18276352
1426 18284544
1427 18288640
1428 18292736
1429 18296832
1430 18300928
1431 18300928
1432 18305024
1433 18309120
1434 18313216
1435 18317312
1436 18350080
1437 18325504
1438 18329600
1439 18333696
1440 18333696
1441 18337792
1442 18341888
1443 18345984
1444 18350080
1445 18350080
1446 18358272
1447 18362368
1448 18366464
1449 18366464
1450 18370560
1451 18374656
1452 18378752
1453 18378752
1454 18382848
1455 18386944
1456 18395136
1457 18395136
1458 18399232
1459 18403328
1460 18407424
1461 18407424
1462 18411520
1463 18415616
1464 18419712
1465 18419712
1466 18427904
1467 18432000
1468 18432000
1469 18440192
1470 18440192
1471 18444288
1472 18448384
1473 18452480
1474 18456576
1475 18456576
1476 18464768
1477 18464768
1478 18468864
1479 18472960
1480 18477056
1481 18481152
1482 18481152
1483 18485248
1484 18489344
1485 18497536
1486 18497536
1487 18505728
1488 18505728
1489 18509824
1490 18509824
1491 18513920
1492 18518016
1493 18522112
1494 18526208
1495 18530304
1496 18534400
1497 18538496
1498 18538496
1499 18583552
