5 18620416
6 18620416
7 18620416
8 18620416
9 17645568
10 17645568
11 17645568
12 17645568
13 17645568
14 17645568
15 17645568
16 17645568
17 17645568
18 17645568
19 17645568
20 17645568
21 17645568
22 17645568
23 17645568
24 17645568
25 17645568
26 17645568
27 17645568
28 17645568
29 17645568
30 17645568
31 17645568
32 17645568
33 17645568
34 17645568
35 17645568
36 17645568
37 17645568
38 17645568
39 17645568
40 17645568
41 17645568
42 17645568
43 17645568
44 17645568
45 17645568
46 17645568
47 17645568
48 17645568
49 17645568
50 17645568
51 17645568
52 17645568
53 17645568
54 17645568
55 17645568
56 17645568
57 17645568
58 17645568
59 17645568
60 17645568
61 17645568
62 17645568
63 17645568
64 17645568
65 17645568
66 17645568
67 17645568
68 17645568
69 17645568
70 17645568
71 17645568
72 17645568
73 17645568
74 17645568
75 17645568
76 17645568
77 17645568
78 17645568
79 17645568
80 17645568
81 17645568
82 17645568
83 17645568
84 17645568
85 17645568
86 17645568
87 17645568
88 17645568
89 17645568
90 17645568
91 17600512
92 17600512
93 17600512
94 17600512
95 17600512
96 17600512
97 17600512
98 17600512
99 17600512
100 17600512
101 17600512
102 17600512
103 17600512
104 17600512
105 17600512
106 17600512
107 17600512
108 17600512
109 17600512
110 17600512
111 17600512
112 17600512
113 17600512
114 17600512
115 17600512
116 17600512
117 17600512
118 17600512
119 17600512
120 17600512
121 17600512
122 17600512
123 17600512
124 17600512
125 17600512
126 17600512
127 17600512
128 17600512
129 17600512
130 17600512
131 17600512
132 17600512
133 17600512
134 17600512
135 17600512
136 17600512
137 17600512
138 17600512
139 17600512
140 17600512
141 17600512
142 17600512
143 17600512
144 17600512
145 17600512
146 17600512
147 17600512
148 17600512
149 17600512
150 17600512
151 17600512
152 17600512
153 17600512
154 17600512
155 17600512
156 17600512
157 17600512
158 17600512
159 17600512
160 17600512
161 17600512
162 17600512
163 17600512
164 17600512
165 17600512
166 17600512
167 17600512
168 17600512
169 17600512
170 17600512
171 17600512
172 17600512
173 17600512
174 17600512
175 17600512
176 17600512
177 17600512
178 17600512
179 17600512
180 17600512
181 17600512
182 17600512
183 17600512
184 17600512
185 17600512
186 17600512
187 17600512
188 17600512
189 17600512
190 17600512
191 17600512
192 17600512
193 17600512
194 17600512
195 17600512
196 17600512
197 17600512
198 17600512
199 17600512
200 17600512
201 17600512
202 17600512
203 17600512
204 17600512
205 17600512
206 17600512
207 17600512
208 17600512
209 17600512
210 17600512
211 17600512
212 17600512
213 17600512
214 17600512
215 17600512
216 17600512
217 17600512
218 17600512
219 17600512
220 17600512
221 17600512
222 17600512
223 17600512
224 17600512
225 17600512
226 17600512
227 17600512
228 17600512
229 17600512
230 17600512
231 17600512
232 17600512
233 17600512
234 17600512
235 17600512
236 17600512
237 17600512
238 17600512
239 17600512
240 17600512
241 17600512
242 17600512
243 17600512
244 17600512
245 17600512
246 17600512
247 17600512
248 17600512
249 17600512
250 17600512
251 17600512
252 17600512
253 17600512
254 17600512
255 17600512
256 17600512
257 17600512
258 17600512
259 17600512
260 17600512
261 17600512
262 17600512
263 17600512
264 17600512
265 17600512
266 17600512
267 17600512
268 17600512
269 17600512
270 17600512
271 17600512
272 17600512
273 17600512
274 17600512
275 17600512
276 17600512
277 17600512
278 17600512
279 17600512
280 17600512
281 17600512
282 17600512
283 17600512
284 17600512
285 17600512
286 17600512
287 17600512
288 17600512
289 17600512
290 17600512
291 17600512
292 17600512
293 17600512
294 17600512
295 17600512
296 17600512
297 17600512
298 17600512
299 17600512
300 17600512
301 17600512
302 17600512
303 17600512
304 17600512
305 17600512
306 17600512
307 17600512
308 17600512
309 17600512
310 17600512
311 17600512
312 17600512
313 17600512
314 17600512
315 17600512
316 17600512
317 17600512
318 17600512
319 17600512
320 17600512
321 17600512
322 17600512
323 17600512
324 17600512
325 17600512
326 17600512
327 17600512
328 17600512
329 17600512
330 17600512
331 17600512
332 17600512
333 17600512
334 17600512
335 17600512
336 17600512
337 17600512
338 17600512
339 17600512
340 17600512
341 17600512
342 17600512
343 17600512
344 17600512
345 17600512
346 17600512
347 17600512
348 17600512
349 17600512
350 17600512
351 17600512
352 17600512
353 17600512
354 17600512
355 17600512
356 17600512
357 17600512
358 17600512
359 17600512
360 17600512
361 17600512
362 17600512
363 17600512
364 17600512
365 17600512
366 17600512
367 17600512
368 17600512
369 17600512
370 17600512
371 17600512
372 17600512
373 17600512
374 17600512
375 17600512
376 17600512
377 17600512
378 17600512
379 17600512
380 17600512
381 17600512
382 17600512
383 17600512
384 17600512
385 17600512
386 17600512
387 17600512
388 17600512
389 17600512
390 17600512
391 17600512
392 17600512
393 17600512
394 17600512
395 17600512
396 17600512
397 17600512
398 17600512
399 17600512
400 17600512
401 17600512
402 17600512
403 17600512
404 17600512
405 17600512
406 17600512
407 17600512
408 17600512
409 17600512
410 17600512
411 17600512
412 17600512
413 17600512
414 17600512
415 17600512
416 17600512
417 17600512
418 17600512
419 17600512
420 17600512
421 17600512
422 17600512
423 17600512
424 17600512
425 17600512
426 17600512
427 17600512
428 17600512
429 17600512
430 17600512
431 17600512
432 17600512
433 17600512
434 17600512
435 17600512
436 17600512
437 17600512
438 17600512
439 17600512
440 17600512
441 17600512
442 17600512
443 17600512
444 17600512
445 17600512
446 17600512
447 17600512
448 17600512
449 17600512
450 17600512
451 17600512
452 17600512
453 17600512
454 17600512
455 17600512
456 17600512
457 17600512
458 17600512
459 17600512
460 17600512
461 17600512
462 17600512
463 17600512
464 17600512
465 17600512
466 17600512
467 17600512
468 17600512
469 17600512
470 17600512
471 17600512
472 17600512
473 17600512
474 17600512
475 17600512
476 17600512
477 17600512
478 17600512
479 17600512
480 17600512
481 17600512
482 17600512
483 17600512
484 17600512
485 17600512
486 17600512
487 17600512
488 17600512
489 17600512
490 17600512
491 17600512
492 17600512
493 17600512
494 17600512
495 17600512
496 17600512
497 17600512
498 17600512
499 17600512
500 17600512
501 17600512
502 17600512
503 17600512
504 17600512
505 17600512
506 17600512
507 17600512
508 17600512
509 17600512
510 17600512
511 17600512
512 17600512
513 17600512
514 17600512
515 17600512
516 17600512
517 17600512
518 17600512
519 17600512
520 17600512
521 17600512
522 17600512
523 17600512
524 17600512
525 17600512
526 17600512
527 17600512
528 17600512
529 17600512
530 17600512
531 17600512
532 17600512
533 17600512
534 17600512
535 17600512
536 17600512
537 17600512
538 17600512
539 17600512
540 17600512
541 17600512
542 17600512
543 17600512
544 17600512
545 17600512
546 17600512
547 17600512
548 17600512
549 17600512
550 17600512
551 17600512
552 17600512
553 17600512
554 17600512
555 17600512
556 17600512
557 17600512
558 17600512
559 17600512
560 17600512
561 17600512
562 17600512
563 17600512
564 17600512
565 17600512
566 17600512
567 17600512
568 17600512
569 17600512
570 17600512
571 17600512
572 17600512
573 17600512
574 17600512
575 17600512
576 17600512
577 17600512
578 17600512
579 17600512
580 17600512
581 17600512
582 17600512
583 17600512
584 17600512
585 17600512
586 17600512
587 17600512
588 17600512
589 17600512
590 17600512
591 17600512
592 17600512
593 17600512
594 17600512
595 17600512
596 17600512
597 17600512
598 17600512
599 17600512
600 17600512
601 17600512
602 17600512
603 17600512
604 17600512
605 17600512
606 17600512
607 17600512
608 17600512
609 17600512
610 17600512
611 17600512
612 17600512
613 17600512
614 17600512
615 17600512
616 17600512
617 17600512
618 17600512
619 17600512
620 17600512
621 17600512
622 17600512
623 17600512
624 17600512
625 17600512
626 17600512
627 17600512
628 17600512
629 17600512
630 17600512
631 17600512
632 17600512
633 17600512
634 17600512
635 17600512
636 17600512
637 17600512
638 17600512
639 17600512
640 17600512
641 17600512
642 17600512
643 17600512
644 17600512
645 17600512
646 17600512
647 17600512
648 17600512
649 17600512
650 17600512
651 17600512
652 17600512
653 17600512
654 17600512
655 17600512
656 17600512
657 17600512
658 17600512
659 17600512
660 17600512
661 17600512
662 17600512
663 17600512
664 17600512
665 17600512
666 17600512
667 17600512
668 17600512
669 17600512
670 17600512
671 17600512
672 17600512
673 17600512
674 17600512
675 17600512
676 17600512
677 17600512
678 17600512
679 17600512
680 17600512
681 17600512
682 17600512
683 17600512
684 17600512
685 17600512
686 17600512
687 17600512
688 17600512
689 17600512
690 17600512
691 17600512
692 17600512
693 17600512
694 17600512
695 17600512
696 17600512
697 17600512
698 17600512
699 17600512
700 17600512
701 17600512
702 17600512
703 17600512
704 17600512
705 17600512
706 17600512
707 17600512
708 17600512
709 17600512
710 17600512
711 17600512
712 17600512
713 17600512
714 17600512
715 17600512
716 17600512
717 17600512
718 17600512
719 17600512
720 17600512
721 17600512
722 17600512
723 17600512
724 17600512
725 17600512
726 17600512
727 17600512
728 17600512
729 17600512
730 17600512
731 17600512
732 17600512
733 17600512
734 17600512
735 17600512
736 17600512
737 17600512
738 17600512
739 17600512
740 17600512
741 17600512
742 17600512
743 17600512
744 17600512
745 17600512
746 17600512
747 17600512
748 17600512
749 17600512
750 17600512
751 17600512
752 17600512
753 17600512
754 17600512
755 17600512
756 17600512
757 17600512
758 17600512
759 17600512
760 17600512
761 17600512
762 17600512
763 17600512
764 17600512
765 17600512
766 17600512
767 17600512
768 17600512
769 17600512
770 17600512
771 17600512
772 17600512
773 17600512
774 17600512
775 17600512
776 17600512
777 17600512
778 17600512
779 17600512
780 17600512
781 17600512
782 17600512
783 17600512
784 17600512
785 17600512
786 17600512
787 17600512
788 17600512
789 17600512
790 17600512
791 17600512
792 17600512
793 17600512
794 17600512
795 17600512
796 17600512
797 17600512
798 17600512
799 17600512
800 17600512
801 17600512
802 17600512
803 17600512
804 17600512
805 17600512
806 17600512
807 17600512
808 17600512
809 17600512
810 17600512
811 17600512
812 17600512
813 17600512
814 17600512
815 17600512
816 17600512
817 17600512
818 17600512
819 17600512
820 17600512
821 17600512
822 17600512
823 17600512
824 17600512
825 17600512
826 17600512
827 17600512
828 17600512
829 17600512
830 17600512
831 17600512
832 17600512
833 17600512
834 17600512
835 17600512
836 17600512
837 17600512
838 17600512
839 17600512
840 17600512
841 17600512
842 17600512
843 17600512
844 17600512
845 17600512
846 17600512
847 17600512
848 17600512
849 17600512
850 17600512
851 17600512
852 17600512
853 17600512
854 17600512
855 17600512
856 17600512
857 17600512
858 17600512
859 17600512
860 17600512
861 17600512
862 17600512
863 17600512
864 17600512
865 17600512
866 17600512
867 17600512
868 17600512
869 17600512
870 17600512
871 17600512
872 17600512
873 17600512
874 17600512
875 17600512
876 17600512
877 17600512
878 17600512
879 17600512
880 17600512
881 17600512
882 17600512
883 17600512
884 17600512
885 17600512
886 17600512
887 17600512
888 17600512
889 17600512
890 17600512
891 17600512
892 17600512
893 17600512
894 17600512
895 17600512
896 17600512
897 17600512
898 17600512
899 17600512
900 17600512
901 17600512
902 17600512
903 17600512
904 17600512
905 17600512
906 17600512
907 17600512
908 17600512
909 17600512
910 17600512
911 17600512
912 17600512
913 17600512
914 17600512
915 17600512
916 17600512
917 17600512
918 17600512
919 17600512
920 17600512
921 17600512
922 17600512
923 17600512
924 17600512
925 17600512
926 17600512
927 17600512
928 17600512
929 17600512
930 17600512
931 17600512
932 17600512
933 17600512
934 17600512
935 17600512
936 17600512
937 17600512
938 17600512
939 17600512
940 17600512
941 17600512
942 17600512
943 17600512
944 17600512
945 17600512
946 17600512
947 17600512
948 17600512
949 17600512
950 17600512
951 17600512
952 17600512
953 17600512
954 17600512
955 17600512
956 17600512
957 17600512
958 17600512
959 17600512
960 17600512
961 17600512
962 17600512
963 17600512
964 17600512
965 17600512
966 17600512
967 17600512
968 17600512
969 17600512
970 17600512
971 17600512
972 17600512
973 17600512
974 17600512
975 17600512
976 17600512
977 17600512
978 17600512
979 17600512
980 17600512
981 17600512
982 17600512
983 17600512
984 17600512
985 17600512
986 17600512
987 17600512
988 17600512
989 17600512
990 17600512
991 17600512
992 17600512
993 17600512
994 17600512
995 17600512
996 17600512
997 17600512
998 17600512
999 17600512
1000 17600512
1001 17600512
1002 17600512
1003 17600512
1004 17600512
1005 17600512
1006 17600512
1007 17600512
1008 17600512
1009 17600512
1010 17600512
1011 17600512
1012 17600512
1013 17600512
1014 17600512
1015 17600512
1016 17600512
1017 17600512
1018 17600512
1019 17600512
1020 17600512
1021 17600512
1022 17600512
1023 17600512
1024 17600512
1025 17600512
1026 17600512
1027 17600512
1028 17600512
1029 17600512
1030 17600512
1031 17600512
1032 17600512
1033 17600512
1034 17600512
1035 17600512
1036 17600512
1037 17600512
1038 17600512
1039 17600512
1040 17600512
1041 17600512
1042 17600512
1043 17600512
1044 17600512
1045 17600512
1046 17600512
1047 17600512
1048 17600512
1049 17600512
1050 17600512
1051 17600512
1052 17600512
1053 17600512
1054 17600512
1055 17600512
1056 17600512
1057 17600512
1058 17600512
1059 17600512
1060 17600512
1061 17600512
1062 17600512
1063 17600512
1064 17600512
1065 17600512
1066 17600512
1067 17600512
1068 17600512
1069 17600512
1070 17600512
1071 17600512
1072 17600512
1073 17600512
1074 17600512
1075 17600512
1076 17600512
1077 17600512
1078 17600512
1079 17600512
1080 17600512
1081 17600512
1082 17600512
1083 17600512
1084 17600512
1085 17600512
1086 17600512
1087 17600512
1088 17600512
1089 17600512
1090 17600512
1091 17600512
1092 17600512
1093 17600512
1094 17600512
1095 17604608
1096 17608704
1097 17612800
1098 17616896
1099 17616896
1100 17620992
1101 17625088
1102 17629184
1103 17629184
1104 17633280
1105 17637376
1106 17641472
1107 17645568
1108 17645568
1109 17653760
1110 17653760
1111 17661952
1112 17661952
1113 17666048
1114 17670144
1115 17674240
1116 17674240
1117 17678336
1118 17682432
1119 17686528
1120 17690624
1121 17694720
1122 17698816
1123 17702912
1124 17707008
1125 17707008
1126 17711104
1127 17715200
1128 17719296
1129 17719296
1130 17727488
1131 17727488
1132 17735680
1133 17735680
1134 17735680
1135 17694720
1136 17743872
1137 17747968
1138 17752064
1139 17657856
1140 17760256
1141 17600512
1142 17764352
1143 17698816
1144 17772544
1145 17600512
1146 17780736
1147 17698816
1148 17784832
1149 17788928
1150 17793024
1151 17797120
1152 17801216
1153 17600512
1154 17809408
1155 17809408
1156 17698816
1157 17817600
1158 17817600
1159 17600512
1160 17600512
1161 17600512
1162 17600512
1163 17600512
1164 17600512
1165 17600512
1166 17600512
1167 17600512
1168 17600512
1169 17600512
1170 17600512
1171 17600512
1172 17600512
1173 17600512
1174 17600512
1175 17600512
1176 17600512
1177 17600512
1178 17600512
1179 17600512
1180 17604608
1181 17608704
1182 17608704
1183 17612800
1184 17637376
1185 17620992
1186 17620992
1187 17625088
1188 17629184
1189 17633280
1190 17633280
1191 17641472
1192 17641472
1193 17645568
1194 17649664
1195 17653760
1196 17653760
1197 17657856
1198 17661952
1199 17661952
1200 17666048
1201 17670144
1202 17674240
1203 17674240
1204 17678336
1205 17682432
1206 17686528
1207 17686528
1208 17690624
1209 17694720
1210 17698816
1211 17702912
1212 17702912
1213 17707008
1214 17711104
1215 17715200
1216 17715200
1217 17719296
1218 17723392
1219 17727488
1220 17731584
1221 17735680
1222 17735680
1223 17739776
1224 17743872
1225 17747968
1226 17752064
1227 17752064
1228 17756160
1229 17760256
1230 17760256
1231 17764352
1232 17768448
1233 17772544
1234 17776640
1235 17776640
1236 17780736
1237 17784832
1238 17788928
1239 17788928
1240 17797120
1241 17797120
1242 17801216
1243 17805312
1244 17809408
1245 17809408
1246 17813504
1247 17842176
1248 17817600
1249 17821696
1250 17825792
1251 17825792
1252 17833984
1253 17838080
1254 17600512
1255 17833984
1256 17833984
1257 17842176
1258 17846272
1259 17850368
1260 17850368
1261 17858560
1262 17858560
1263 17862656
1264 17866752
1265 17870848
1266 17870848
1267 17870848
1268 17879040
1269 17883136
1270 17887232
1271 17887232
1272 17891328
1273 17895424
1274 17899520
1275 17899520
1276 17903616
1277 17907712
1278 17911808
1279 17915904
1280 17915904
1281 17920000
1282 17924096
1283 17924096
1284 17928192
1285 17932288
1286 17936384
1287 17940480
1288 17940480
1289 17944576
1290 17948672
1291 17952768
1292 17952768
1293 17956864
1294 17960960
1295 17965056
1296 17965056
1297 17973248
1298 17973248
1299 17977344
1300 17981440
1301 17985536
1302 17985536
1303 17993728
1304 17993728
1305 17997824
1306 17997824
1307 18001920
1308 18006016
1309 18010112
1310 18018304
1311 18018304
1312 18018304
1313 18022400
1314 18026496
1315 18030592
1316 18030592
1317 18034688
1318 18038784
1319 18038784
1320 18042880
1321 18046976
1322 18051072
1323 18051072
1324 18055168
1325 18059264
1326 18063360
1327 18063360
1328 18067456
1329 18071552
1330 18075648
1331 18079744
1332 18083840
1333 18087936
1334 18087936
1335 18092032
1336 18096128
1337 18100224
1338 18104320
1339 18108416
1340 18112512
1341 18112512
1342 18116608
1343 18116608
1344 18120704
1345 18124800
1346 18128896
1347 18128896
1348 18132992
1349 18132992
1350 18137088
1351 18141184
1352 18145280
1353 18149376
1354 18149376
1355 18153472
1356 18157568
1357 18161664
1358 18165760
1359 18165760
1360 18169856
1361 18173952
1362 18178048
1363 18182144
1364 18182144
1365 18190336
1366 18190336
1367 18194432
1368 18194432
1369 18198528
1370 18202624
1371 18210816
1372 18210816
1373 18231296
1374 18214912
1375 18219008
1376 18219008
1377 18223104
1378 18227200
1379 18231296
1380 18231296
1381 18235392
1382 18239488
1383 18243584
1384 18247680
1385 18247680
1386 18251776
1387 18255872
1388 18259968
1389 18264064
1390 18264064
1391 18268160
1392 18272256
1393 18276352
1394 18280448
1395 18280448
1396 18284544
1397 18284544
1398 18292736
1399 18292736
1400 18296832
1401 18296832
1402 18305024
1403 18305024
1404 18309120
1405 18313216
1406 18317312
1407 18317312
1408 18321408
1409 18325504
1410 18329600
1411 18329600
1412 18333696
1413 18337792
1414 18341888
1415 18341888
1416 18345984
1417 18345984
1418 18354176
1419 18354176
1420 18358272
1421 18362368
1422 18366464
1423 18366464
1424 18370560
1425 18374656
1426 18378752
1427 18382848
1428 18382848
1429 18386944
1430 18391040
1431 18395136
1432 18399232
1433 18403328
1434 18403328
1435 18407424
1436 18436096
1437 18415616
1438 18415616
1439 18419712
1440 18423808
1441 18427904
1442 18432000
1443 18436096
1444 18440192
1445 18440192
1446 18444288
1447 18448384
1448 18448384
1449 18452480
1450 18456576
1451 18460672
1452 18460672
1453 18464768
1454 18468864
1455 18472960
1456 18472960
1457 18481152
1458 18481152
1459 18485248
1460 18489344
1461 18489344
1462 18493440
1463 18497536
1464 18497536
1465 18501632
1466 18505728
1467 18509824
1468 18509824
1469 18518016
1470 18518016
1471 18522112
1472 18522112
1473 18526208
1474 18530304
1475 18534400
1476 18534400
1477 18538496
1478 18542592
1479 18546688
1480 18550784
1481 18554880
1482 18554880
1483 18558976
1484 18558976
1485 18563072
1486 18567168
1487 18571264
1488 18575360
1489 18579456
1490 18579456
1491 18583552
1492 18583552
1493 18591744
1494 18591744
1495 18595840
1496 18599936
1497 18604032
1498 18604032
1499 18644992
