5 18583552
6 17993728
7 17227776
8 17227776
9 17227776
10 17227776
11 17227776
12 17227776
13 17227776
14 17227776
15 17227776
16 17227776
17 17227776
18 17227776
19 17227776
20 17227776
21 17227776
22 17227776
23 17227776
24 17227776
25 17227776
26 17227776
27 17227776
28 17227776
29 17227776
30 17227776
31 17227776
32 17227776
33 17227776
34 17227776
35 17227776
36 17227776
37 17227776
38 17227776
39 17227776
40 17227776
41 17227776
42 17227776
43 17227776
44 17227776
45 17227776
46 17227776
47 17227776
48 17227776
49 17227776
50 17227776
51 17227776
52 17227776
53 17227776
54 17227776
55 17227776
56 17227776
57 17227776
58 17227776
59 17227776
60 17227776
61 17227776
62 17227776
63 17227776
64 17227776
65 17227776
66 17227776
67 17227776
68 17227776
69 17227776
70 17227776
71 17227776
72 17227776
73 17227776
74 17227776
75 17227776
76 17227776
77 17227776
78 17227776
79 17227776
80 17227776
81 17227776
82 17227776
83 17227776
84 17227776
85 17227776
86 17227776
87 17227776
88 17227776
89 17227776
90 17227776
91 17182720
92 17182720
93 17182720
94 17182720
95 17182720
96 17182720
97 17182720
98 17182720
99 17182720
100 17182720
101 17182720
102 17182720
103 17182720
104 17182720
105 17182720
106 17182720
107 17182720
108 17182720
109 17182720
110 17182720
111 17182720
112 17182720
113 17182720
114 17182720
115 17182720
116 17182720
117 17182720
118 17182720
119 17182720
120 17182720
121 17182720
122 17182720
123 17182720
124 17182720
125 17182720
126 17182720
127 17182720
128 17182720
129 17182720
130 17182720
131 17182720
132 17182720
133 17182720
134 17182720
135 17182720
136 17182720
137 17182720
138 17182720
139 17182720
140 17182720
141 17182720
142 17182720
143 17182720
144 17182720
145 17182720
146 17182720
147 17182720
148 17182720
149 17182720
150 17182720
151 17182720
152 17182720
153 17182720
154 17182720
155 17182720
156 17182720
157 17182720
158 17182720
159 17182720
160 17182720
161 17182720
162 17182720
163 17182720
164 17182720
165 17182720
166 17182720
167 17182720
168 17182720
169 17182720
170 17182720
171 17182720
172 17182720
173 17182720
174 17182720
175 17182720
176 17182720
177 17182720
178 17182720
179 17182720
180 17182720
181 17182720
182 17182720
183 17182720
184 17182720
185 17182720
186 17182720
187 17182720
188 17182720
189 17182720
190 17182720
191 17182720
192 17182720
193 17182720
194 17182720
195 17182720
196 17182720
197 17182720
198 17182720
199 17182720
200 17182720
201 17182720
202 17182720
203 17182720
204 17182720
205 17182720
206 17182720
207 17182720
208 17182720
209 17182720
210 17182720
211 17182720
212 17182720
213 17182720
214 17182720
215 17182720
216 17182720
217 17182720
218 17182720
219 17182720
220 17182720
221 17182720
222 17182720
223 17182720
224 17182720
225 17182720
226 17182720
227 17182720
228 17182720
229 17182720
230 17182720
231 17182720
232 17182720
233 17182720
234 17182720
235 17182720
236 17182720
237 17182720
238 17182720
239 17182720
240 17182720
241 17182720
242 17182720
243 17182720
244 17182720
245 17182720
246 17182720
247 17182720
248 17182720
249 17182720
250 17182720
251 17182720
252 17182720
253 17182720
254 17182720
255 17182720
256 17182720
257 17182720
258 17182720
259 17182720
260 17182720
261 17182720
262 17182720
263 17182720
264 17182720
265 17182720
266 17182720
267 17182720
268 17182720
269 17182720
270 17182720
271 17182720
272 17182720
273 17182720
274 17182720
275 17182720
276 17182720
277 17182720
278 17182720
279 17182720
280 17182720
281 17182720
282 17182720
283 17182720
284 17182720
285 17182720
286 17182720
287 17182720
288 17182720
289 17182720
290 17182720
291 17182720
292 17182720
293 17182720
294 17182720
295 17182720
296 17182720
297 17182720
298 17182720
299 17182720
300 17182720
301 17182720
302 17182720
303 17182720
304 17182720
305 17182720
306 17182720
307 17182720
308 17182720
309 17182720
310 17182720
311 17182720
312 17182720
313 17182720
314 17182720
315 17182720
316 17182720
317 17182720
318 17182720
319 17182720
320 17182720
321 17182720
322 17182720
323 17182720
324 17182720
325 17182720
326 17182720
327 17182720
328 17182720
329 17182720
330 17182720
331 17182720
332 17182720
333 17182720
334 17182720
335 17182720
336 17182720
337 17182720
338 17182720
339 17182720
340 17182720
341 17182720
342 17182720
343 17182720
344 17182720
345 17182720
346 17182720
347 17182720
348 17182720
349 17182720
350 17182720
351 17182720
352 17182720
353 17182720
354 17182720
355 17182720
356 17182720
357 17182720
358 17182720
359 17182720
360 17182720
361 17182720
362 17182720
363 17182720
364 17182720
365 17182720
366 17182720
367 17182720
368 17182720
369 17182720
370 17182720
371 17182720
372 17182720
373 17182720
374 17182720
375 17182720
376 17182720
377 17182720
378 17182720
379 17182720
380 17182720
381 17182720
382 17182720
383 17182720
384 17182720
385 17182720
386 17182720
387 17182720
388 17182720
389 17182720
390 17182720
391 17182720
392 17182720
393 17182720
394 17182720
395 17182720
396 17182720
397 17182720
398 17182720
399 17182720
400 17182720
401 17182720
402 17182720
403 17182720
404 17182720
405 17182720
406 17182720
407 17182720
408 17182720
409 17182720
410 17182720
411 17182720
412 17182720
413 17182720
414 17182720
415 17182720
416 17182720
417 17182720
418 17182720
419 17182720
420 17182720
421 17182720
422 17182720
423 17182720
424 17182720
425 17182720
426 17182720
427 17182720
428 17182720
429 17182720
430 17182720
431 17182720
432 17182720
433 17182720
434 17182720
435 17182720
436 17182720
437 17182720
438 17182720
439 17182720
440 17182720
441 17182720
442 17182720
443 17182720
444 17182720
445 17182720
446 17182720
447 17182720
448 17182720
449 17182720
450 17182720
451 17182720
452 17182720
453 17182720
454 17182720
455 17182720
456 17182720
457 17182720
458 17182720
459 17182720
460 17182720
461 17182720
462 17182720
463 17182720
464 17182720
465 17182720
466 17182720
467 17182720
468 17182720
469 17182720
470 17182720
471 17182720
472 17182720
473 17182720
474 17182720
475 17182720
476 17182720
477 17182720
478 17182720
479 17182720
480 17182720
481 17182720
482 17182720
483 17182720
484 17182720
485 17182720
486 17182720
487 17182720
488 17182720
489 17182720
490 17182720
491 17182720
492 17182720
493 17182720
494 17182720
495 17182720
496 17182720
497 17182720
498 17182720
499 17182720
500 17182720
501 17182720
502 17182720
503 17182720
504 17182720
505 17182720
506 17182720
507 17182720
508 17182720
509 17182720
510 17182720
511 17182720
512 17182720
513 17182720
514 17182720
515 17182720
516 17182720
517 17182720
518 17182720
519 17182720
520 17182720
521 17182720
522 17182720
523 17182720
524 17182720
525 17182720
526 17182720
527 17182720
528 17182720
529 17182720
530 17182720
531 17182720
532 17182720
533 17182720
534 17182720
535 17182720
536 17182720
537 17182720
538 17182720
539 17182720
540 17182720
541 17182720
542 17182720
543 17182720
544 17182720
545 17182720
546 17182720
547 17182720
548 17182720
549 17182720
550 17182720
551 17182720
552 17182720
553 17182720
554 17182720
555 17182720
556 17182720
557 17182720
558 17182720
559 17182720
560 17182720
561 17182720
562 17182720
563 17182720
564 17182720
565 17182720
566 17182720
567 17182720
568 17182720
569 17182720
570 17182720
571 17182720
572 17182720
573 17182720
574 17182720
575 17182720
576 17182720
577 17182720
578 17182720
579 17182720
580 17182720
581 17182720
582 17182720
583 17182720
584 17182720
585 17182720
586 17182720
587 17182720
588 17182720
589 17182720
590 17182720
591 17182720
592 17182720
593 17182720
594 17182720
595 17182720
596 17182720
597 17182720
598 17182720
599 17182720
600 17182720
601 17182720
602 17182720
603 17182720
604 17182720
605 17182720
606 17182720
607 17182720
608 17182720
609 17182720
610 17182720
611 17182720
612 17182720
613 17182720
614 17182720
615 17182720
616 17182720
617 17182720
618 17182720
619 17182720
620 17182720
621 17182720
622 17182720
623 17182720
624 17182720
625 17182720
626 17182720
627 17182720
628 17182720
629 17182720
630 17182720
631 17182720
632 17182720
633 17182720
634 17182720
635 17182720
636 17182720
637 17182720
638 17182720
639 17182720
640 17182720
641 17182720
642 17182720
643 17182720
644 17182720
645 17182720
646 17182720
647 17182720
648 17182720
649 17182720
650 17182720
651 17182720
652 17182720
653 17182720
654 17182720
655 17182720
656 17182720
657 17182720
658 17182720
659 17182720
660 17182720
661 17182720
662 17182720
663 17182720
664 17182720
665 17182720
666 17182720
667 17182720
668 17182720
669 17182720
670 17182720
671 17182720
672 17182720
673 17182720
674 17182720
675 17182720
676 17182720
677 17182720
678 17182720
679 17182720
680 17182720
681 17182720
682 17182720
683 17182720
684 17182720
685 17182720
686 17182720
687 17182720
688 17182720
689 17182720
690 17182720
691 17182720
692 17182720
693 17182720
694 17182720
695 17182720
696 17182720
697 17182720
698 17182720
699 17182720
700 17182720
701 17182720
702 17182720
703 17182720
704 17182720
705 17182720
706 17182720
707 17182720
708 17182720
709 17182720
710 17182720
711 17182720
712 17182720
713 17182720
714 17182720
715 17182720
716 17182720
717 17182720
718 17182720
719 17182720
720 17182720
721 17182720
722 17182720
723 17182720
724 17182720
725 17182720
726 17182720
727 17182720
728 17182720
729 17182720
730 17182720
731 17182720
732 17182720
733 17182720
734 17182720
735 17182720
736 17182720
737 17182720
738 17182720
739 17182720
740 17182720
741 17182720
742 17182720
743 17182720
744 17182720
745 17182720
746 17182720
747 17182720
748 17182720
749 17182720
750 17182720
751 17182720
752 17182720
753 17182720
754 17182720
755 17182720
756 17182720
757 17182720
758 17182720
759 17182720
760 17182720
761 17182720
762 17182720
763 17182720
764 17182720
765 17182720
766 17182720
767 17182720
768 17182720
769 17182720
770 17182720
771 17182720
772 17182720
773 17182720
774 17182720
775 17182720
776 17182720
777 17182720
778 17182720
779 17182720
780 17182720
781 17182720
782 17182720
783 17182720
784 17182720
785 17182720
786 17182720
787 17182720
788 17182720
789 17182720
790 17182720
791 17182720
792 17182720
793 17182720
794 17182720
795 17182720
796 17182720
797 17182720
798 17182720
799 17182720
800 17182720
801 17182720
802 17182720
803 17182720
804 17182720
805 17182720
806 17182720
807 17182720
808 17182720
809 17182720
810 17182720
811 17182720
812 17182720
813 17182720
814 17182720
815 17182720
816 17182720
817 17182720
818 17182720
819 17182720
820 17182720
821 17182720
822 17182720
823 17182720
824 17182720
825 17182720
826 17182720
827 17182720
828 17182720
829 17182720
830 17182720
831 17182720
832 17182720
833 17182720
834 17182720
835 17182720
836 17182720
837 17182720
838 17182720
839 17182720
840 17182720
841 17182720
842 17182720
843 17182720
844 17182720
845 17182720
846 17182720
847 17182720
848 17182720
849 17182720
850 17182720
851 17182720
852 17182720
853 17182720
854 17182720
855 17182720
856 17182720
857 17182720
858 17182720
859 17182720
860 17182720
861 17182720
862 17182720
863 17182720
864 17182720
865 17182720
866 17182720
867 17182720
868 17182720
869 17182720
870 17182720
871 17182720
872 17182720
873 17182720
874 17182720
875 17182720
876 17182720
877 17182720
878 17182720
879 17182720
880 17182720
881 17182720
882 17182720
883 17182720
884 17182720
885 17182720
886 17182720
887 17182720
888 17182720
889 17182720
890 17182720
891 17182720
892 17182720
893 17182720
894 17182720
895 17182720
896 17182720
897 17182720
898 17182720
899 17182720
900 17182720
901 17182720
902 17182720
903 17182720
904 17182720
905 17182720
906 17182720
907 17182720
908 17182720
909 17182720
910 17182720
911 17182720
912 17182720
913 17182720
914 17182720
915 17182720
916 17182720
917 17182720
918 17182720
919 17182720
920 17182720
921 17182720
922 17182720
923 17182720
924 17182720
925 17182720
926 17182720
927 17182720
928 17182720
929 17182720
930 17182720
931 17182720
932 17182720
933 17182720
934 17182720
935 17182720
936 17182720
937 17182720
938 17182720
939 17182720
940 17182720
941 17182720
942 17182720
943 17182720
944 17182720
945 17182720
946 17182720
947 17182720
948 17182720
949 17182720
950 17182720
951 17182720
952 17182720
953 17182720
954 17182720
955 17182720
956 17182720
957 17182720
958 17182720
959 17182720
960 17182720
961 17182720
962 17182720
963 17182720
964 17182720
965 17182720
966 17182720
967 17182720
968 17182720
969 17182720
970 17182720
971 17182720
972 17182720
973 17182720
974 17182720
975 17182720
976 17182720
977 17182720
978 17182720
979 17182720
980 17182720
981 17182720
982 17182720
983 17182720
984 17182720
985 17182720
986 17182720
987 17182720
988 17182720
989 17182720
990 17182720
991 17182720
992 17182720
993 17182720
994 17182720
995 17182720
996 17182720
997 17182720
998 17182720
999 17182720
1000 17182720
1001 17182720
1002 17182720
1003 17182720
1004 17182720
1005 17182720
1006 17182720
1007 17182720
1008 17182720
1009 17182720
1010 17182720
1011 17182720
1012 17182720
1013 17182720
1014 17182720
1015 17182720
1016 17182720
1017 17182720
1018 17182720
1019 17182720
1020 17182720
1021 17182720
1022 17182720
1023 17182720
1024 17182720
1025 17182720
1026 17244160
1027 17244160
1028 17244160
1029 17244160
1030 17244160
1031 17244160
1032 17182720
1033 17182720
1034 17182720
1035 17182720
1036 17182720
1037 17182720
1038 17182720
1039 17182720
1040 17182720
1041 17182720
1042 17182720
1043 17182720
1044 17182720
1045 17182720
1046 17182720
1047 17182720
1048 17182720
1049 17182720
1050 17182720
1051 17182720
1052 17182720
1053 17182720
1054 17182720
1055 17186816
1056 17186816
1057 17190912
1058 17195008
1059 17195008
1060 17199104
1061 17203200
1062 17207296
1063 17211392
1064 17211392
1065 17215488
1066 17219584
1067 17223680
1068 17227776
1069 17227776
1070 17231872
1071 17235968
1072 17240064
1073 17240064
1074 17244160
1075 17248256
1076 17248256
1077 17252352
1078 17256448
1079 17260544
1080 17264640
1081 17264640
1082 17268736
1083 17272832
1084 17272832
1085 17281024
1086 17281024
1087 17289216
1088 17289216
1089 17293312
1090 17293312
1091 17297408
1092 17301504
1093 17301504
1094 17305600
1095 17309696
1096 17313792
1097 17317888
1098 17317888
1099 17326080
1100 17326080
1101 17330176
1102 17334272
1103 17338368
1104 17338368
1105 17342464
1106 17346560
1107 17350656
1108 17350656
1109 17358848
1110 17358848
1111 17367040
1112 17367040
1113 17371136
1114 17371136
1115 17375232
1116 17375232
1117 17383424
1118 17387520
1119 17387520
1120 17391616
1121 17403904
1122 17399808
1123 17403904
1124 17403904
1125 17408000
1126 17412096
1127 17416192
1128 17416192
1129 17420288
1130 17424384
1131 17428480
1132 17428480
1133 17436672
1134 17436672
1135 17440768
1136 17444864
1137 17448960
1138 17448960
1139 17453056
1140 17457152
1141 17461248
1142 17461248
1143 17465344
1144 17469440
1145 17473536
1146 17473536
1147 17477632
1148 17481728
1149 17485824
1150 17485824
1151 17489920
1152 17494016
1153 17498112
1154 17498112
1155 17502208
1156 17506304
1157 17510400
1158 17510400
1159 17514496
1160 17518592
1161 17518592
1162 17526784
1163 17526784
1164 17530880
1165 17534976
1166 17539072
1167 17539072
1168 17543168
1169 17547264
1170 17551360
1171 17551360
1172 17555456
1173 17559552
1174 17563648
1175 17567744
1176 17567744
1177 17571840
1178 17575936
1179 17575936
1180 17580032
1181 17584128
1182 17588224
1183 17592320
1184 17612800
1185 17596416
1186 17600512
1187 17604608
1188 17604608
1189 17608704
1190 17612800
1191 17616896
1192 17620992
1193 17625088
1194 17625088
1195 17629184
1196 17633280
1197 17637376
1198 17637376
1199 17641472
1200 17645568
1201 17649664
1202 17649664
1203 17653760
1204 17657856
1205 17661952
1206 17661952
1207 17666048
1208 17670144
1209 17670144
1210 17674240
1211 17678336
1212 17682432
1213 17686528
1214 17686528
1215 17690624
1216 17694720
1217 17698816
1218 17702912
1219 17702912
1220 17707008
1221 17711104
1222 17715200
1223 17715200
1224 17719296
1225 17723392
1226 17727488
1227 17727488
1228 17731584
1229 17735680
1230 17735680
1231 17739776
1232 17743872
1233 17747968
1234 17752064
1235 17756160
1236 17756160
1237 17760256
1238 17764352
1239 17768448
1240 17768448
1241 17776640
1242 17776640
1243 17780736
1244 17784832
1245 17784832
1246 17788928
1247 17817600
1248 17797120
1249 17801216
1250 17801216
1251 17805312
1252 17805312
1253 17813504
1254 17813504
1255 17813504
1256 17813504
1257 17817600
1258 17821696
1259 17825792
1260 17825792
1261 17829888
1262 17833984
1263 17842176
1264 17842176
1265 17846272
1266 17850368
1267 17850368
1268 17854464
1269 17862656
1270 17862656
1271 17866752
1272 17870848
1273 17874944
1274 17874944
1275 17879040
1276 17879040
1277 17883136
1278 17887232
1279 17891328
1280 17895424
1281 17899520
1282 17903616
1283 17903616
1284 17907712
1285 17907712
1286 17911808
1287 17915904
1288 17920000
1289 17924096
1290 17924096
1291 17928192
1292 17932288
1293 17936384
1294 17936384
1295 17940480
1296 17944576
1297 17948672
1298 17948672
1299 17952768
1300 17956864
1301 17960960
1302 17965056
1303 17965056
1304 17969152
1305 17973248
1306 17977344
1307 17977344
1308 17981440
1309 17985536
1310 17997824
1311 17993728
1312 17993728
1313 17997824
1314 17997824
1315 18001920
1316 18006016
1317 18010112
1318 18014208
1319 18014208
1320 18018304
1321 18022400
1322 18026496
1323 18030592
1324 18034688
1325 18038784
1326 18038784
1327 18042880
1328 18046976
1329 18046976
1330 18051072
1331 18055168
1332 18059264
1333 18063360
1334 18063360
1335 18067456
1336 18071552
1337 18071552
1338 18075648
1339 18079744
1340 18083840
1341 18087936
1342 18092032
1343 18092032
1344 18096128
1345 18100224
1346 18104320
1347 18108416
1348 18108416
1349 18112512
1350 18116608
1351 18116608
1352 18120704
1353 18124800
1354 18128896
1355 18132992
1356 18137088
1357 18137088
1358 18141184
1359 18145280
1360 18149376
1361 18149376
1362 18153472
1363 18157568
1364 18157568
1365 18161664
1366 18165760
1367 18169856
1368 18169856
1369 18173952
1370 18178048
1371 18182144
1372 18186240
1373 18210816
1374 18194432
1375 18194432
1376 18198528
1377 18198528
1378 18202624
1379 18206720
1380 18210816
1381 18210816
1382 18214912
1383 18219008
1384 18223104
1385 18223104
1386 18227200
1387 18231296
1388 18235392
1389 18235392
1390 18239488
1391 18243584
1392 18247680
1393 18251776
1394 18251776
1395 18255872
1396 18259968
1397 18264064
1398 18268160
1399 18268160
1400 18272256
1401 18276352
1402 18280448
1403 18280448
1404 18284544
1405 18288640
1406 18292736
1407 18296832
1408 18296832
1409 18300928
1410 18305024
1411 18305024
1412 18309120
1413 18313216
1414 18313216
1415 18317312
1416 18321408
1417 18325504
1418 18329600
1419 18329600
1420 18333696
1421 18337792
1422 18341888
1423 18341888
1424 18345984
1425 18350080
1426 18354176
1427 18354176
1428 18358272
1429 18362368
1430 18366464
1431 18370560
1432 18370560
1433 18374656
1434 18382848
1435 18386944
1436 18415616
1437 18391040
1438 18395136
1439 18395136
1440 18399232
1441 18403328
1442 18407424
1443 18411520
1444 18411520
1445 18415616
1446 18419712
1447 18423808
1448 18423808
1449 18427904
1450 18432000
1451 18436096
1452 18440192
1453 18440192
1454 18444288
1455 18448384
1456 18448384
1457 18452480
1458 18456576
1459 18460672
1460 18464768
1461 18468864
1462 18468864
1463 18472960
1464 18472960
1465 18477056
1466 18481152
1467 18485248
1468 18485248
1469 18489344
1470 18493440
1471 18497536
1472 18501632
1473 18501632
1474 18505728
1475 18509824
1476 18513920
1477 18518016
1478 18518016
1479 18518016
1480 18522112
1481 18526208
1482 18530304
1483 18534400
1484 18534400
1485 18538496
1486 18542592
1487 18546688
1488 18550784
1489 18554880
1490 18554880
1491 18558976
1492 18563072
1493 18567168
1494 18571264
1495 18571264
1496 18575360
1497 18579456
1498 18579456
1499 18620416
