4 2
5 3
2 2
3 3
4 3
5 4
3 3
4 4
5 3
6 4
2 2
3 3
4 2
5 3
3 3
4 4
5 3
6 4
2 2
3 3
4 3
5 4
3 3
4 4
5 2
6 3
3 3
4 4
2 2
3 3
4 3
5 4
3 3
4 4
5 3
6 4
3 3
4 4
5 4
6 5
4 3
5 4
2 2
3 3
2 2
3 3
4 3
5 4
3 3
4 4
5 3
6 4
3 3
4 4
5 4
6 5
2 2
3 3
4 3
5 4
3 3
4 4
5 3
6 4
3 3
4 4
5 3
6 4
4 3
5 4
6 4
7 5
3 3
4 4
5 3
6 4
4 3
5 4
6 3
7 4
3 3
4 4
5 4
6 5
4 4
5 5
6 3
7 4
2 2
3 3
4 3
5 4
3 3
4 4
5 3
6 4
3 3
4 4
5 4
6 5
4 4
5 5
6 4
7 5
3 3
4 4
5 3
6 4
4 4
5 5
6 4
7 5
3 3
4 4
5 4
6 5
4 4
5 5
6 3
7 4
4 4
5 5
3 3
4 4
5 4
6 5
4 4
5 5
6 4
7 5
4 4
5 5
6 5
7 6
5 4
6 5
3 3
4 4
3 3
4 4
5 4
6 5
4 4
5 5
6 4
7 5
4 4
5 5
6 4
7 5
3 3
4 4
5 4
6 5
4 4
5 5
6 4
7 5
4 4
5 5
6 4
7 5
5 4
6 5
7 5
8 6
4 4
5 5
6 4
7 5
5 4
6 5
7 4
8 5
4 4
5 5
6 5
7 6
5 5
6 6
7 4
8 5
3 3
4 4
5 4
6 5
4 4
5 5
6 4
7 5
4 4
5 5
6 5
7 6
5 5
6 6
7 5
8 6
4 4
5 5
6 4
7 5
5 5
6 6
7 5
8 6
4 4
5 5
6 5
7 6
5 5
6 6
7 4
8 5
5 5
6 6
4 4
5 5
6 5
7 6
5 5
6 6
7 5
8 6
5 5
6 6
7 6
8 7
6 5
7 6
4 4
5 5
4 4
5 5
6 5
7 6
5 5
6 6
7 5
8 6
5 5
6 6
7 5
8 6
4 4
5 5
6 5
7 6
5 5
6 6
7 5
8 6
5 5
6 6
7 5
8 6
6 5
7 6
8 6
9 7
5 5
6 6
7 5
8 6
6 5
7 6
8 5
9 6
5 5
6 6
7 6
8 7
6 6
7 7
8 5
9 6
4 4
5 5
6 5
7 6
5 5
6 6
7 5
8 6
5 5
6 6
7 6
8 7
6 6
7 7
8 6
9 7
5 5
6 6
7 5
8 6
6 6
7 7
8 6
9 7
5 5
6 6
7 6
8 7
6 6
7 7
8 5
9 6
6 6
7 7
5 5
6 6
7 6
8 7
6 6
7 7
8 6
9 7
6 6
7 7
8 7
9 8
7 6
8 7
5 5
6 6
5 5
6 6
7 6
8 7
6 6
7 7
8 6
9 7
6 6
7 7
8 6
9 7
5 5
6 6
7 6
8 7
6 6
7 7
8 6
9 7
6 6
7 7
8 6
9 7
7 6
8 7
9 7
10 8
6 6
7 7
8 6
9 7
7 6
8 7
9 6
10 7
6 6
7 7
8 7
9 8
7 7
8 8
9 6
10 7
5 5
6 6
7 6
8 7
6 6
7 7
8 6
9 7
6 6
7 7
8 7
9 8
7 7
8 8
9 7
10 8
6 6
7 7
8 6
9 7
7 7
8 8
9 7
10 8
6 6
7 7
8 7
9 8
7 7
8 8
9 6
