2 2
3 3
4 2
2 2
3 2
4 3
5 2
3 2
4 3
5 2
6 3
4 3
5 2
6 3
7 2
5 2
6 3
7 2
8 3
6 2
7 2
8 2
9 3
7 3
2 2
3 2
4 2
2 2
3 2
4 3
5 3
3 2
4 2
5 3
2 2
3 3
4 2
5 2
3 2
2 2
3 3
2 2
3 3
4 3
5 2
3 2
4 2
5 3
6 2
4 2
5 3
6 3
2 2
3 3
4 2
5 3
3 2
4 3
5 2
6 3
4 2
2 2
3 3
2 2
3 2
4 3
5 3
3 3
4 2
5 3
6 3
2 2
3 3
4 3
5 3
3 3
4 2
5 3
6 3
4 3
5 2
6 3
7 3
2 2
3 2
4 3
5 3
3 3
4 2
5 3
6 3
2 2
3 2
4 3
5 3
2 2
3 3
4 3
2 2
3 3
4 3
5 3
3 3
4 3
5 3
6 3
4 3
5 3
6 3
7 3
5 3
6 3
7 3
8 3
6 3
7 3
8 3
9 3
7 3
8 3
9 3
10 3
8 3
3 3
4 3
5 3
3 3
4 3
5 3
6 3
4 3
5 3
6 3
3 3
4 3
5 3
6 3
4 3
3 3
4 4
3 3
4 3
5 3
6 3
4 3
5 3
6 3
7 3
5 3
6 4
7 3
3 3
4 3
5 3
6 3
4 3
5 3
6 3
7 4
5 3
3 3
4 4
3 3
4 3
5 3
6 4
4 4
5 3
6 3
7 4
3 3
4 4
5 3
6 4
4 4
5 3
6 3
7 4
5 4
6 3
7 3
8 4
3 3
4 3
5 3
6 4
4 4
5 3
6 3
7 4
3 3
4 3
5 4
6 4
3 3
4 4
5 4
3 3
4 4
5 4
6 4
4 4
5 4
6 4
7 4
5 4
6 4
7 4
8 4
6 4
7 4
8 4
9 4
7 4
8 4
9 4
10 4
8 4
9 4
10 4
11 4
9 4
4 4
5 4
6 4
4 4
5 4
6 4
7 4
5 4
6 4
7 4
4 4
5 4
6 4
7 4
5 4
4 4
5 4
4 4
5 4
6 4
7 4
5 4
6 4
7 4
8 4
6 4
7 4
8 4
4 4
5 4
6 4
7 4
5 4
6 4
7 4
8 5
6 4
4 4
5 4
4 4
5 4
6 4
7 4
5 5
6 4
7 4
8 4
4 4
5 5
6 4
7 4
5 5
6 4
7 4
8 4
6 5
7 4
8 4
9 4
4 4
5 4
6 4
7 4
5 5
6 4
7 4
8 5
4 4
5 4
6 5
7 5
4 4
5 5
6 5
4 4
5 5
6 5
7 5
5 5
6 5
7 5
8 5
6 5
7 5
8 5
9 5
7 5
8 5
9 5
10 5
8 5
9 5
10 5
11 5
9 5
10 5
11 5
12 5
10 5
5 5
6 5
7 5
5 5
6 5
7 5
8 5
6 5
7 5
8 5
5 5
6 5
7 5
8 5
6 5
5 5
6 5
5 5
6 5
7 5
8 5
6 5
7 5
8 5
9 5
7 5
8 5
9 5
5 5
6 5
7 5
8 5
6 5
7 5
8 5
9 5
7 5
5 5
6 5
5 5
6 5
7 5
8 5
6 5
7 5
8 5
9 5
5 5
6 6
7 5
8 5
6 5
7 5
8 5
9 5
7 5
8 5
9 5
10 5
5 5
6 5
7 5
8 5
6 6
7 5
8 5
9 6
5 5
6 5
7 6
8 6
5 5
6 6
7 6
5 5
6 6
7 6
8 6
6 6
7 6
