12 12
13 13
14 14
15 15
16 16
17 17
18 18
19 19
20 20
21 21
22 5
23 6
3 3
4 4
5 5
6 6
7 7
8 8
9 9
10 10
11 11
12 12
13 13
14 14
15 15
16 16
17 17
18 18
19 19
20 20
21 21
22 22
23 6
24 7
4 4
5 5
2 2
3 3
4 4
5 5
6 6
7 7
8 8
9 9
10 10
11 11
12 12
13 13
14 14
15 15
16 16
17 17
18 18
19 19
20 7
21 8
22 5
23 6
3 3
4 4
5 5
6 6
7 7
8 8
9 9
10 10
11 11
12 12
13 13
14 14
15 15
16 16
17 17
18 18
19 19
20 20
21 8
22 9
23 6
24 7
4 4
5 5
6 6
7 7
8 8
9 9
10 10
11 11
12 12
13 13
14 14
15 15
16 16
17 17
18 18
19 19
20 20
21 21
22 9
23 10
24 7
25 8
5 5
6 6
3 3
4 4
5 5
6 6
7 7
8 8
9 9
10 10
11 11
12 12
13 13
14 14
15 15
16 16
17 17
18 18
19 10
20 11
21 8
22 9
23 6
24 7
4 4
5 5
6 6
7 7
8 8
9 9
10 10
11 11
12 12
13 13
14 14
15 15
16 16
17 17
18 18
19 19
20 11
21 12
22 9
23 10
24 7
25 8
5 5
6 6
7 7
8 8
9 9
10 10
11 11
12 12
13 13
14 14
15 15
16 16
17 17
18 18
19 19
20 20
21 12
22 13
23 10
24 11
25 8
26 9
6 6
7 7
4 4
5 5
6 6
7 7
8 8
9 9
10 10
11 11
12 12
13 13
14 14
15 15
16 16
17 17
18 13
19 14
20 11
21 12
22 9
23 10
24 7
25 8
5 5
6 6
7 7
8 8
9 9
10 10
11 11
12 12
13 13
14 14
15 15
16 16
17 17
18 18
19 14
20 15
21 12
22 13
23 10
24 11
25 8
26 9
6 6
7 7
8 8
9 9
10 10
11 11
12 12
13 13
14 14
15 15
16 16
17 17
18 18
19 19
20 15
21 16
22 13
23 14
24 11
25 12
26 9
27 10
7 7
8 8
5 5
6 6
7 7
8 8
9 9
10 10
11 11
12 12
13 13
14 14
15 15
16 16
17 16
18 17
19 14
20 15
21 12
22 13
23 10
24 11
25 8
26 9
6 6
7 7
8 8
9 9
10 10
11 11
12 12
13 13
14 14
15 15
16 16
17 17
18 17
19 18
20 15
21 16
22 13
23 14
24 11
25 12
26 9
27 10
7 7
8 8
9 9
10 10
11 11
12 12
13 13
14 14
15 15
16 16
17 17
18 18
19 18
20 19
21 16
22 17
23 14
24 15
25 12
26 13
27 10
28 11
8 8
9 9
6 6
7 7
8 8
9 9
10 10
11 11
12 12
13 13
14 14
15 15
16 16
17 17
18 17
19 18
20 15
21 16
22 13
23 14
24 11
25 12
26 9
27 10
7 7
8 8
9 9
10 10
11 11
12 12
13 13
14 14
15 15
16 16
17 17
18 18
19 18
20 19
21 16
22 17
23 14
24 15
25 12
26 13
27 10
28 11
8 8
9 9
10 10
11 11
12 12
13 13
14 14
15 15
16 16
17 17
18 18
19 19
20 19
21 20
22 17
23 18
24 15
25 16
26 13
27 14
28 11
29 12
9 9
10 10
7 7
8 8
9 9
10 10
11 11
12 12
13 13
14 14
15 15
16 16
17 17
18 18
19 18
20 19
21 16
22 17
23 14
24 15
25 12
26 13
27 10
28 11
8 8
9 9
10 10
