9 9
10 10
11 11
12 12
13 13
14 14
15 15
16 16
17 4
18 3
19 2
20 3
21 4
22 5
23 6
24 7
25 8
26 9
27 10
2 2
3 3
4 4
5 5
6 6
7 7
8 8
9 9
10 10
11 11
12 12
13 13
14 14
15 15
16 16
17 17
18 5
19 4
20 3
21 4
22 5
23 6
24 7
25 8
26 9
27 10
28 11
3 3
2 2
3 3
4 4
5 5
6 6
7 7
8 8
9 9
10 10
11 11
12 12
13 13
14 14
15 15
16 16
17 6
18 5
19 4
20 3
21 4
22 5
23 6
24 7
25 8
26 9
27 10
28 4
3 3
4 4
5 5
6 6
7 7
8 8
9 9
10 10
11 11
12 12
2 2
3 3
4 4
5 5
6 6
7 7
8 6
9 5
10 4
11 5
12 6
13 7
14 8
15 9
16 10
17 11
18 5
19 4
20 3
21 4
22 5
23 6
24 7
25 8
26 9
27 10
28 11
3 3
4 4
5 5
6 6
7 7
8 8
9 7
10 6
11 5
12 4
13 5
14 6
15 7
16 8
17 9
18 10
19 6
20 5
21 4
22 5
23 6
24 7
25 8
26 9
27 10
28 11
29 12
4 4
3 3
4 4
5 5
6 6
7 7
8 8
9 7
10 6
11 5
12 6
13 7
14 8
15 9
16 10
17 11
18 7
19 6
20 5
21 4
22 5
23 6
24 7
25 8
26 9
27 10
28 11
29 5
4 4
5 5
6 6
7 7
8 8
9 9
10 8
11 7
12 6
13 5
3 3
4 4
5 5
6 6
7 7
8 8
9 7
10 6
11 5
12 6
13 7
14 8
15 9
16 10
17 11
18 12
19 6
20 5
21 4
22 5
23 6
24 7
25 8
26 9
27 8
28 7
29 6
4 4
5 5
6 6
7 7
8 8
9 9
10 8
11 7
12 6
13 5
14 6
15 7
16 8
17 9
18 10
19 11
20 7
21 6
22 5
23 6
24 7
25 8
26 9
27 10
28 9
29 8
30 7
5 5
4 4
5 5
6 6
7 7
8 8
9 9
10 8
11 7
12 6
13 7
14 8
15 9
16 10
17 11
18 12
19 8
20 7
21 6
22 5
23 6
24 7
25 8
26 9
27 10
28 9
29 8
30 6
5 5
6 6
7 7
8 8
9 9
10 10
11 9
12 8
13 7
14 6
4 4
5 5
6 6
7 7
8 8
9 9
10 8
11 7
12 6
13 7
14 8
15 9
16 10
17 11
18 10
19 9
20 7
21 6
22 5
23 6
24 7
25 8
26 9
27 10
28 9
29 8
30 7
5 5
6 6
7 7
8 8
9 9
10 10
11 9
12 8
13 7
14 6
15 7
16 8
17 9
18 10
19 11
20 10
21 8
22 7
23 6
24 7
25 8
26 9
27 10
28 11
29 10
30 9
31 8
6 6
5 5
6 6
7 7
8 8
9 9
10 10
11 9
12 8
13 7
14 8
15 9
16 10
17 11
18 12
19 11
20 9
21 8
22 7
23 6
24 7
25 8
26 9
27 10
28 11
29 10
30 9
31 7
6 6
7 7
8 8
9 9
10 10
11 11
12 10
13 9
14 8
15 7
5 5
6 6
7 7
8 8
9 9
10 10
11 9
12 8
13 7
14 8
15 9
16 10
17 11
18 12
19 11
20 10
21 8
22 7
23 6
24 7
25 8
26 9
27 10
28 11
29 10
30 9
31 8
6 6
7 7
8 8
9 9
10 10
11 11
12 10
13 9
14 8
15 7
16 8
17 9
18 10
19 11
