14 7
15 8
16 9
17 10
18 11
19 12
20 13
21 14
22 15
23 16
24 17
25 18
26 2
27 3
28 4
2 2
3 3
4 4
5 5
2 2
3 3
4 4
5 5
6 6
7 4
8 5
9 6
10 7
11 4
12 5
13 6
14 7
15 8
16 9
17 10
18 11
19 12
20 13
21 14
22 15
23 3
24 4
25 5
2 2
3 3
4 4
5 5
6 3
7 4
8 5
9 6
10 3
11 4
12 5
13 6
14 7
15 5
16 6
17 7
18 8
19 5
20 6
21 7
22 8
23 9
24 10
25 11
26 12
27 3
28 4
29 5
3 3
4 4
5 5
2 2
3 3
4 4
5 5
6 6
7 4
8 5
9 6
10 7
11 4
12 5
13 6
14 7
15 8
16 6
17 7
18 8
19 9
20 6
21 7
22 8
23 9
24 4
25 5
26 6
27 3
28 4
29 5
3 3
4 4
5 5
6 6
3 3
4 4
5 5
6 6
7 7
8 5
9 6
10 7
11 8
12 5
13 6
14 7
15 8
16 9
17 7
18 8
19 9
20 10
21 4
22 5
23 6
24 4
25 5
26 6
3 3
4 4
5 5
6 6
7 4
8 5
9 6
10 7
11 4
12 5
13 6
14 7
15 8
16 6
17 7
18 8
19 9
20 6
21 7
22 8
23 9
24 10
25 5
26 6
27 7
28 4
29 5
30 6
4 4
5 5
6 6
3 3
4 4
5 5
6 6
7 7
8 5
9 6
10 7
11 8
12 5
13 6
14 7
15 8
16 9
17 7
18 8
19 9
20 10
21 7
22 5
23 6
24 7
25 5
26 6
27 7
28 4
29 5
30 6
4 4
5 5
6 6
7 7
4 4
5 5
6 6
7 7
8 8
9 6
10 7
11 8
12 9
13 6
14 7
15 8
16 9
17 10
18 8
19 6
20 7
21 8
22 5
23 6
24 7
25 5
26 6
27 7
4 4
5 5
6 6
7 7
8 5
9 6
10 7
11 8
12 5
13 6
14 7
15 8
16 9
17 7
18 8
19 9
20 10
21 7
22 8
23 6
24 7
25 8
26 6
27 7
28 8
29 5
30 6
31 7
5 5
6 6
7 7
4 4
5 5
6 6
7 7
8 8
9 6
10 7
11 8
12 9
13 6
14 7
15 8
16 9
17 10
18 8
19 9
20 7
21 8
22 8
23 6
24 7
25 8
26 6
27 7
28 8
29 5
30 6
31 7
5 5
6 6
7 7
8 8
5 5
6 6
7 7
8 8
9 9
10 7
11 8
12 9
13 10
14 7
15 8
16 9
17 7
18 8
19 9
20 7
21 8
22 9
23 6
24 7
25 8
26 6
27 7
28 8
5 5
6 6
7 7
8 8
9 6
10 7
11 8
12 9
13 6
14 7
15 8
16 9
17 10
18 8
19 9
20 10
21 8
22 8
23 9
24 7
25 8
26 9
27 7
28 8
29 9
30 6
31 7
32 8
6 6
7 7
8 8
5 5
6 6
7 7
8 8
9 9
10 7
11 8
12 9
13 10
14 7
15 8
16 9
17 10
18 8
19 9
20 10
21 8
22 9
23 9
24 7
25 8
26 9
27 7
28 8
29 9
30 6
31 7
32 8
6 6
7 7
8 8
9 9
6 6
7 7
8 8
9 9
10 10
11 8
12 9
13 10
14 11
15 8
16 9
17 10
18 8
19 9
20 10
21 8
22 9
23 10
24 7
25 8
26 9
27 7
28 8
29 9
6 6
7 7
8 8
9 9
10 7
11 8
12 9
13 10
14 7
15 8
