3 3
4 4
5 4
6 4
4 4
4 4
5 5
6 5
7 2
5 3
5 4
6 5
7 3
8 3
6 4
6 5
7 4
8 4
9 4
7 5
7 5
8 5
9 5
10 5
8 6
8 6
9 6
10 6
11 6
9 7
9 7
10 7
11 2
12 3
10 4
10 5
11 3
12 2
13 3
11 4
11 4
12 3
13 3
14 4
2 2
3 3
4 4
5 4
3 3
3 3
4 4
5 5
6 4
4 4
4 4
5 5
6 2
7 3
5 4
5 5
6 3
7 2
8 3
6 4
6 4
7 3
8 2
9 3
2 2
3 3
4 3
5 3
3 3
2 2
3 3
4 4
5 4
3 3
3 3
4 4
2 2
3 3
4 4
5 4
3 3
3 3
4 3
5 4
6 4
4 4
4 4
5 3
6 4
7 5
5 5
5 4
6 4
7 5
8 3
6 4
6 5
7 5
8 4
9 4
7 5
7 6
8 5
9 5
10 5
8 6
8 3
9 4
10 5
11 6
9 4
9 3
10 4
11 5
12 5
10 4
10 3
11 4
12 3
13 4
11 4
11 4
12 4
13 3
14 4
12 5
12 5
13 4
14 4
15 5
3 3
4 4
5 5
6 5
4 4
4 3
5 4
6 5
7 5
5 4
5 3
6 4
7 3
8 4
6 4
6 3
7 4
8 3
9 4
7 4
7 4
8 4
9 3
10 4
3 3
4 4
5 4
6 4
4 4
3 3
4 4
5 5
6 5
4 4
4 4
5 4
3 3
4 4
5 5
6 5
4 4
4 4
5 4
6 5
7 5
5 5
5 5
6 4
7 5
8 6
6 6
6 5
7 5
8 6
9 4
7 5
7 6
8 6
9 5
10 4
8 5
8 6
9 6
10 5
11 4
9 5
9 4
10 5
11 5
12 4
10 5
10 4
11 5
12 5
13 5
11 5
11 4
12 5
13 4
14 5
12 5
12 5
13 5
14 4
15 5
13 6
13 6
14 5
15 4
16 5
4 4
5 5
6 5
7 4
5 5
5 4
6 5
7 5
8 4
6 5
6 4
7 5
8 4
9 5
7 5
7 4
8 5
9 4
10 5
8 5
8 5
9 5
10 4
11 5
4 4
5 5
6 5
7 5
5 5
4 4
5 5
6 6
7 6
5 5
5 5
6 5
4 4
5 5
6 6
7 6
5 5
5 5
6 5
7 6
8 6
6 6
6 6
7 5
8 6
9 7
7 7
7 6
8 5
9 6
10 5
8 6
8 6
9 5
10 6
11 5
9 6
9 6
10 5
11 6
12 5
10 6
10 5
11 6
12 6
13 5
11 6
11 5
12 6
13 6
14 6
12 6
12 5
13 6
14 5
15 6
13 6
13 5
14 6
15 5
16 6
14 6
14 5
15 6
16 5
17 6
5 5
6 5
7 6
8 5
6 6
6 5
7 6
8 6
9 5
7 6
7 5
8 6
9 5
10 6
8 6
8 5
9 6
10 5
11 6
9 6
9 6
10 6
11 5
12 6
5 5
6 6
7 6
8 6
6 6
5 5
6 6
7 7
8 7
6 6
6 6
7 6
5 5
6 6
7 7
8 7
6 6
6 6
7 6
8 7
9 7
7 6
7 7
8 6
9 7
10 7
8 6
8 7
9 6
10 7
11 6
9 6
9 7
10 6
11 7
12 6
10 7
10 7
11 6
12 7
13 6
11 7
11 6
12 7
13 7
14 6
12 7
12 6
13 7
14 7
15 6
13 7
13 6
14 7
15 6
16 6
14 7
14 6
15 7
16 6
17 6
15 7
15 6
