20 13
21 2
22 3
23 4
24 3
25 2
26 3
27 4
28 2
29 3
30 4
2 2
3 3
4 2
5 3
6 2
7 3
8 2
9 3
10 2
11 2
12 3
13 2
2 2
3 3
2 2
3 3
4 4
5 3
6 4
7 3
8 3
9 3
10 4
11 4
12 3
13 4
14 5
15 3
16 4
17 5
18 3
19 2
20 3
21 4
22 3
23 2
24 3
25 4
26 2
27 2
28 3
2 2
3 2
4 3
5 3
2 2
3 3
4 4
2 2
3 3
4 3
2 2
3 3
4 3
5 3
6 3
7 3
8 4
9 3
10 4
11 4
12 3
13 4
14 4
15 4
16 3
17 4
18 5
19 3
20 3
21 4
22 3
23 3
24 3
25 4
26 3
27 4
28 3
29 3
30 3
31 3
3 3
4 3
5 3
6 3
7 3
8 3
9 3
10 4
11 3
12 3
13 4
14 3
3 3
4 4
3 3
4 4
5 4
6 4
7 4
8 4
9 4
10 3
11 4
12 5
13 4
14 3
15 4
16 4
17 3
18 3
19 4
20 3
21 3
22 3
23 4
24 3
25 3
26 4
27 3
28 3
29 4
3 3
4 3
5 4
6 4
3 3
4 4
5 4
3 3
4 4
5 4
3 3
4 4
5 4
6 4
7 4
8 4
9 5
10 4
11 4
12 5
13 4
14 4
15 4
16 5
17 4
18 4
19 4
20 4
21 4
22 4
23 4
24 4
25 4
26 4
27 4
28 4
29 4
30 4
31 4
32 4
4 4
5 4
6 4
7 4
8 4
9 4
10 4
11 5
12 4
13 4
14 5
15 4
4 4
5 5
4 4
5 4
6 5
7 5
8 4
9 4
10 5
11 4
12 4
13 4
14 5
15 4
16 4
17 4
18 4
19 4
20 4
21 4
22 4
23 4
24 5
25 4
26 4
27 5
28 4
29 4
30 5
4 4
5 4
6 5
7 5
4 4
5 5
6 5
4 4
5 5
6 5
4 4
5 5
6 5
7 5
8 5
9 5
10 5
11 5
12 5
13 5
14 5
15 5
16 5
17 5
18 5
19 5
20 5
21 5
22 5
23 5
24 5
25 5
26 5
27 5
28 5
29 5
30 5
31 5
32 5
33 5
5 5
6 5
7 5
8 5
9 5
10 5
11 5
12 6
13 5
14 5
15 6
16 5
5 5
6 5
5 5
6 5
7 5
8 5
9 5
10 5
11 5
12 5
13 5
14 5
15 5
16 5
17 5
18 5
19 5
20 5
21 5
22 5
23 5
24 5
25 6
26 5
27 5
28 6
29 5
30 5
31 6
5 5
6 5
7 6
8 6
5 5
6 6
7 6
5 5
6 6
7 6
5 5
6 6
7 6
8 6
9 6
10 6
11 6
12 6
13 6
14 6
15 6
16 6
17 6
18 6
19 6
20 6
21 6
22 6
23 6
24 6
25 6
26 6
27 6
28 6
29 6
30 6
31 6
32 6
33 6
34 6
6 6
7 6
8 6
9 6
10 6
11 6
12 6
13 6
14 6
15 6
16 6
17 6
6 6
7 6
6 6
7 6
8 6
9 6
10 6
11 6
12 6
13 6
14 6
15 6
16 6
17 6
18 6
19 6
20 6
21 6
22 6
23 6
24 6
25 6
26 7
27 6
28 6
29 7
30 6
31 6
32 7
6 6
7 6
8 7
9 7
6 6
7 7
8 7
6 6
7 7
8 7
6 6
7 7
8 7
9 7
10 7
11 7
12 7
13 7
14 7
15 7
16 7
17 7
18 7
19 7
20 7
