5 0.0007894039154052734
6 0.0008654594421386719
7 0.0008924007415771484
8 0.0009298324584960938
9 0.0009799003601074219
10 0.001220703125
11 0.0011167526245117188
12 0.0010755062103271484
13 0.001142740249633789
14 0.0011756420135498047
15 0.0012409687042236328
16 0.0012421607971191406
17 0.0013153553009033203
18 0.0013439655303955078
19 0.0012691020965576172
20 0.0015778541564941406
21 0.0016646385192871094
22 0.0015063285827636719
23 0.0015377998352050781
24 0.0015914440155029297
25 0.0016603469848632812
26 0.0017693042755126953
27 0.0018453598022460938
28 0.0017666816711425781
29 0.0018086433410644531
30 0.0019481182098388672
31 0.0019140243530273438
32 0.002136707305908203
33 0.002117156982421875
34 0.0020227432250976562
35 0.0021545886993408203
36 0.0022220611572265625
37 0.002184152603149414
38 0.0025238990783691406
39 0.002919435501098633
40 0.002791166305541992
41 0.0031697750091552734
42 0.002906322479248047
43 0.0031375885009765625
44 0.003026247024536133
45 0.0033833980560302734
46 0.003235340118408203
47 0.003378152847290039
48 0.0033643245697021484
49 0.003448486328125
50 0.0035858154296875
51 0.003627777099609375
52 0.003618955612182617
53 0.0037183761596679688
54 0.0036797523498535156
55 0.003831624984741211
56 0.003868579864501953
57 0.0039288997650146484
58 0.003987550735473633
59 0.004012107849121094
60 0.0065686702728271484
61 0.007681369781494141
62 0.007768392562866211
63 0.007916688919067383
64 0.006849765777587891
65 0.004403591156005859
66 0.00492405891418457
67 0.0043451786041259766
68 0.004359245300292969
69 0.0051195621490478516
70 0.004669904708862305
71 0.0052683353424072266
72 0.004883766174316406
73 0.0048372745513916016
74 0.005620002746582031
75 0.004883289337158203
76 0.005451202392578125
77 0.006150007247924805
78 0.0049054622650146484
79 0.0052492618560791016
80 0.005202054977416992
81 0.005603790283203125
82 0.0055201053619384766
83 0.005265712738037109
84 0.00530695915222168
85 0.005797624588012695
86 0.005687713623046875
87 0.005552768707275391
88 0.005734682083129883
89 0.005843162536621094
90 0.006701469421386719
91 0.009016036987304688
92 0.011211633682250977
93 0.007244110107421875
94 0.0065762996673583984
95 0.004834175109863281
96 0.004228353500366211
97 0.003995418548583984
98 0.0038313865661621094
99 0.0042417049407958984
100 0.0043888092041015625
101 0.00450587272644043
102 0.004101276397705078
103 0.004759311676025391
104 0.0047261714935302734
105 0.004419803619384766
106 0.0047512054443359375
107 0.004246711730957031
108 0.00498199462890625
109 0.004381418228149414
110 0.004602909088134766
111 0.004457235336303711
112 0.004428863525390625
113 0.0046885013580322266
114 0.0044896602630615234
115 0.004910945892333984
116 0.005095720291137695
117 0.0051114559173583984
118 0.005104780197143555
119 0.005202054977416992
120 0.005237102508544922
121 0.005666255950927734
122 0.0056154727935791016
123 0.005752086639404297
124 0.006680727005004883
125 0.010966300964355469
126 0.008736610412597656
127 0.006142616271972656
128 0.008431673049926758
129 0.010326862335205078
130 0.015159368515014648
131 0.013058662414550781
132 0.011371850967407227
133 0.00805354118347168
134 0.00902700424194336
135 0.008740901947021484
136 0.007977485656738281
137 0.008427858352661133
138 0.007982254028320312
139 0.008178234100341797
140 0.008862018585205078
141 0.00855875015258789
142 0.010277748107910156
143 0.01651906967163086
144 0.015723228454589844
145 0.013753652572631836
146 0.008493185043334961
147 0.00894474983215332
148 0.01002049446105957
149 0.017042160034179688
150 0.014216899871826172
151 0.012443304061889648
152 0.009603500366210938
153 0.009564638137817383
154 0.009087324142456055
155 0.009135246276855469
156 0.009015083312988281
157 0.009067773818969727
158 0.009056806564331055
159 0.009344100952148438
160 0.009441137313842773
161 0.013424158096313477
162 0.006392717361450195
163 0.005894899368286133
164 0.006048679351806641
165 0.0071103572845458984
166 0.006120920181274414
167 0.007081031799316406
168 0.007372617721557617
169 0.006510019302368164
170 0.007420778274536133
171 0.007216215133666992
172 0.00688934326171875
173 0.009641885757446289
174 0.008161306381225586
175 0.007349252700805664
176 0.0077860355377197266
177 0.007736682891845703
178 0.00771331787109375
179 0.007796764373779297
180 0.008203983306884766
181 0.008476972579956055
182 0.008385419845581055
183 0.00863337516784668
184 0.010628461837768555
185 0.010979890823364258
186 0.0155181884765625
187 0.015475273132324219
188 0.012035846710205078
189 0.012055397033691406
190 0.018807649612426758
191 0.016120433807373047
192 0.012754440307617188
193 0.012221336364746094
194 0.011045217514038086
195 0.011452913284301758
196 0.011043787002563477
197 0.011407613754272461
198 0.011597633361816406
199 0.01610708236694336
200 0.019799470901489258
201 0.016750574111938477
202 0.007270097732543945
203 0.007952690124511719
204 0.0076138973236083984
205 0.008609533309936523
206 0.008353948593139648
207 0.007938385009765625
208 0.0077359676361083984
209 0.00980234146118164
210 0.00934910774230957
211 0.009290456771850586
212 0.008858680725097656
213 0.00885629653930664
214 0.009281396865844727
215 0.009011983871459961
216 0.009224176406860352
217 0.00933384895324707
218 0.009294748306274414
219 0.011559724807739258
220 0.020041942596435547
221 0.01955103874206543
222 0.01252126693725586
223 0.01745891571044922
224 0.020306825637817383
225 0.019105911254882812
226 0.016431808471679688
227 0.013281106948852539
228 0.013784408569335938
229 0.013228178024291992
230 0.013301372528076172
231 0.013149023056030273
232 0.014286279678344727
233 0.01958465576171875
234 0.013920307159423828
235 0.015250444412231445
236 0.014501571655273438
237 0.015707731246948242
238 0.015356779098510742
239 0.015219926834106445
240 0.01400303840637207
241 0.013833761215209961
242 0.013682126998901367
243 0.013722896575927734
244 0.013617515563964844
245 0.014984846115112305
246 0.013027667999267578
247 0.008897781372070312
248 0.010191679000854492
249 0.009854555130004883
250 0.009180784225463867
251 0.01097416877746582
252 0.010712862014770508
253 0.010274410247802734
254 0.011467695236206055
255 0.010983705520629883
256 0.010792255401611328
257 0.011126518249511719
258 0.011043787002563477
259 0.011781454086303711
260 0.011921882629394531
261 0.012476444244384766
262 0.015024662017822266
263 0.01745915412902832
264 0.015428781509399414
265 0.022509098052978516
266 0.023814916610717773
267 0.017947912216186523
268 0.016256332397460938
269 0.015300750732421875
270 0.015302896499633789
271 0.015337228775024414
272 0.015100479125976562
273 0.01661849021911621
274 0.018282175064086914
275 0.01288914680480957
276 0.01015329360961914
277 0.011399269104003906
278 0.01132345199584961
279 0.011659383773803711
280 0.011308908462524414
281 0.012172698974609375
282 0.012161731719970703
283 0.012206077575683594
284 0.011830568313598633
285 0.01211094856262207
286 0.012000799179077148
287 0.012972593307495117
288 0.013067960739135742
289 0.013752222061157227
290 0.01384735107421875
291 0.0157167911529541
292 0.014730691909790039
293 0.015311241149902344
294 0.01610255241394043
295 0.01583123207092285
296 0.017440319061279297
297 0.014767646789550781
298 0.014452457427978516
299 0.014267444610595703
300 0.014069795608520508
301 0.014202594757080078
302 0.014285564422607422
303 0.024065732955932617
304 0.015424013137817383
305 0.01536107063293457
306 0.015148162841796875
307 0.017802953720092773
308 0.01817464828491211
309 0.011877298355102539
310 0.011362791061401367
311 0.011939048767089844
312 0.011690378189086914
313 0.011642217636108398
314 0.012130975723266602
315 0.013025045394897461
316 0.012992382049560547
317 0.015229225158691406
318 0.01345205307006836
319 0.015468120574951172
320 0.015903472900390625
321 0.016280174255371094
322 0.016687393188476562
323 0.01601886749267578
324 0.016077518463134766
325 0.015499353408813477
326 0.015269756317138672
327 0.015470266342163086
328 0.015371322631835938
329 0.015697240829467773
330 0.018057823181152344
331 0.01585102081298828
332 0.017174959182739258
333 0.017208337783813477
334 0.017051219940185547
335 0.017822980880737305
336 0.016475677490234375
337 0.015950679779052734
338 0.016700267791748047
339 0.016633033752441406
340 0.016773223876953125
341 0.01726675033569336
342 0.019217967987060547
343 0.014918804168701172
344 0.015225410461425781
345 0.014362812042236328
346 0.0139007568359375
347 0.014295816421508789
348 0.01569199562072754
349 0.01541280746459961
350 0.015974998474121094
351 0.015897035598754883
352 0.016518592834472656
353 0.01698446273803711
354 0.026329517364501953
355 0.02332139015197754
356 0.021024465560913086
357 0.024997949600219727
358 0.022150039672851562
359 0.0183408260345459
360 0.018064022064208984
361 0.018056392669677734
362 0.017886877059936523
363 0.01835799217224121
364 0.01805424690246582
365 0.0200345516204834
366 0.014768838882446289
367 0.016841411590576172
368 0.01516413688659668
369 0.01661372184753418
370 0.015706777572631836
371 0.01596212387084961
372 0.014434099197387695
373 0.014827489852905273
374 0.015933513641357422
375 0.01634502410888672
376 0.016594409942626953
377 0.020405054092407227
378 0.019494295120239258
379 0.01991581916809082
380 0.02158331871032715
381 0.020122051239013672
382 0.020125627517700195
383 0.019103527069091797
384 0.018731117248535156
385 0.0194094181060791
386 0.018794536590576172
387 0.01898050308227539
388 0.0203554630279541
389 0.020542621612548828
390 0.022542238235473633
391 0.024105310440063477
392 0.02185797691345215
393 0.02027583122253418
394 0.019193649291992188
395 0.019451141357421875
396 0.019318580627441406
397 0.019794225692749023
398 0.01696467399597168
399 0.015909671783447266
400 0.016345739364624023
401 0.017208576202392578
402 0.017240047454833984
403 0.018902063369750977
404 0.017368316650390625
405 0.01817798614501953
406 0.018391132354736328
407 0.01939678192138672
408 0.02069687843322754
409 0.033605098724365234
410 0.024509906768798828
411 0.02125239372253418
412 0.020817041397094727
413 0.021910905838012695
414 0.021256446838378906
415 0.0204770565032959
416 0.020426034927368164
417 0.020734548568725586
418 0.02560877799987793
419 0.02071213722229004
420 0.01668381690979004
421 0.01737523078918457
422 0.01689314842224121
423 0.017763614654541016
424 0.017661094665527344
425 0.018224000930786133
426 0.018521547317504883
427 0.019222497940063477
428 0.020898818969726562
429 0.02348637580871582
430 0.023337602615356445
431 0.023550748825073242
432 0.023099899291992188
433 0.021967411041259766
434 0.021453380584716797
435 0.02137613296508789
436 0.02119731903076172
437 0.021509170532226562
438 0.023450136184692383
439 0.028432369232177734
440 0.03522610664367676
441 0.02149057388305664
442 0.01852703094482422
443 0.019876480102539062
444 0.024064064025878906
445 0.026912927627563477
446 0.02966761589050293
447 0.03325295448303223
448 0.039183616638183594
449 0.0304105281829834
450 0.02471637725830078
451 0.024601459503173828
452 0.03545951843261719
453 0.03641629219055176
454 0.031524658203125
455 0.028095006942749023
456 0.02489304542541504
457 0.024363279342651367
458 0.018558979034423828
459 0.01707744598388672
460 0.018664836883544922
461 0.021363019943237305
462 0.019053220748901367
463 0.018685340881347656
464 0.01871633529663086
465 0.01961517333984375
466 0.020095348358154297
467 0.019376754760742188
468 0.01996612548828125
469 0.02070307731628418
470 0.02117300033569336
471 0.03474545478820801
472 0.027230262756347656
473 0.02942061424255371
474 0.02696084976196289
475 0.023587465286254883
476 0.023253440856933594
477 0.023964643478393555
478 0.03488588333129883
479 0.03101205825805664
480 0.021889925003051758
481 0.021405458450317383
482 0.02007436752319336
483 0.0187070369720459
484 0.020331859588623047
485 0.020861148834228516
486 0.021172523498535156
487 0.022990942001342773
488 0.02489447593688965
489 0.020084857940673828
490 0.02095937728881836
491 0.020463228225708008
492 0.019908428192138672
493 0.021610260009765625
494 0.022306203842163086
495 0.022446393966674805
496 0.023340225219726562
497 0.03338479995727539
498 0.036269426345825195
499 0.0351109504699707
