5 0.0006377696990966797
6 0.0006816387176513672
7 0.0007297992706298828
8 0.0011112689971923828
9 0.0010287761688232422
10 0.0012085437774658203
11 0.0008966922760009766
12 0.0009126663208007812
13 0.0009188652038574219
14 0.0009317398071289062
15 0.0010118484497070312
16 0.001071929931640625
17 0.0011036396026611328
18 0.0016596317291259766
19 0.0011126995086669922
20 0.0015232563018798828
21 0.001222372055053711
22 0.0013256072998046875
23 0.001310586929321289
24 0.0017371177673339844
25 0.0014595985412597656
26 0.0014750957489013672
27 0.0014896392822265625
28 0.001798868179321289
29 0.0018529891967773438
30 0.0018966197967529297
31 0.0017879009246826172
32 0.0018248558044433594
33 0.00173187255859375
34 0.001767873764038086
35 0.002405881881713867
36 0.002067089080810547
37 0.002020120620727539
38 0.002139568328857422
39 0.00238037109375
40 0.0021619796752929688
41 0.0024099349975585938
42 0.0027091503143310547
43 0.0022432804107666016
44 0.002318859100341797
45 0.002337217330932617
46 0.002340078353881836
47 0.0024497509002685547
48 0.02618098258972168
49 0.002646207809448242
50 0.002603769302368164
51 0.0029058456420898438
52 0.00308990478515625
53 0.0029799938201904297
54 0.002987384796142578
55 0.003027677536010742
56 0.00307464599609375
57 0.0031871795654296875
58 0.0031251907348632812
59 0.0032401084899902344
60 0.0075511932373046875
61 0.007488250732421875
62 0.00753021240234375
63 0.008085250854492188
64 0.007874011993408203
65 0.007980585098266602
66 0.008046150207519531
67 0.008358955383300781
68 0.008764266967773438
69 0.008801698684692383
70 0.031513214111328125
71 0.010162115097045898
72 0.008664131164550781
73 0.008977413177490234
74 0.008953571319580078
75 0.009645938873291016
76 0.010013341903686523
77 0.003887653350830078
78 0.003389596939086914
79 0.003463268280029297
80 0.0032966136932373047
81 0.0035347938537597656
82 0.004144906997680664
83 0.00357818603515625
84 0.0036034584045410156
85 0.004124641418457031
86 0.004207611083984375
87 0.004101753234863281
88 0.0039632320404052734
89 0.004003047943115234
90 0.0037841796875
91 0.003869771957397461
92 0.003911256790161133
93 0.02906942367553711
94 0.0073964595794677734
95 0.004627704620361328
96 0.005435466766357422
97 0.0049054622650146484
98 0.004965782165527344
99 0.004979848861694336
100 0.00915837287902832
101 0.006927490234375
102 0.00812387466430664
103 0.011052846908569336
104 0.019003868103027344
105 0.014692068099975586
106 0.01233053207397461
107 0.03709244728088379
108 0.01269221305847168
109 0.013090848922729492
110 0.021293163299560547
111 0.01801896095275879
112 0.014386892318725586
113 0.018340587615966797
114 0.049837589263916016
115 0.01575946807861328
116 0.013016223907470703
117 0.013309955596923828
118 0.026144027709960938
119 0.01945662498474121
120 0.006512641906738281
121 0.004893064498901367
122 0.005991935729980469
123 0.005050182342529297
124 0.00587153434753418
125 0.005064487457275391
126 0.031125783920288086
127 0.0057146549224853516
128 0.006491422653198242
129 0.006157875061035156
130 0.006123781204223633
131 0.007335186004638672
132 0.006371021270751953
133 0.006202220916748047
134 0.006311178207397461
135 0.0063915252685546875
136 0.006246089935302734
137 0.006923675537109375
138 0.006762504577636719
139 0.011151313781738281
140 0.0252382755279541
141 0.02666449546813965
142 0.023910045623779297
143 0.027092695236206055
144 0.031929731369018555
145 0.026296615600585938
146 0.016206026077270508
147 0.0283052921295166
148 0.027573823928833008
149 0.01238393783569336
150 0.008606910705566406
151 0.007289409637451172
152 0.006128787994384766
153 0.00870656967163086
154 0.008602142333984375
155 0.006685733795166016
156 0.0065081119537353516
157 0.007059574127197266
158 0.0075228214263916016
159 0.0071926116943359375
160 0.0073299407958984375
161 0.007088661193847656
162 0.007616281509399414
163 0.007518768310546875
164 0.007463932037353516
165 0.032338857650756836
166 0.009516477584838867
167 0.0203244686126709
168 0.03141164779663086
169 0.020272254943847656
170 0.02156805992126465
171 0.024471044540405273
172 0.020295381546020508
173 0.020086288452148438
174 0.019203662872314453
175 0.020220279693603516
176 0.023894309997558594
177 0.02117776870727539
178 0.022980451583862305
179 0.026050090789794922
180 0.024764537811279297
181 0.007428646087646484
182 0.006943225860595703
183 0.007287263870239258
184 0.00693964958190918
185 0.007112979888916016
186 0.006985664367675781
187 0.0073587894439697266
188 0.007345914840698242
189 0.007547616958618164
190 0.00771784782409668
191 0.01385641098022461
192 0.01233530044555664
193 0.009156227111816406
194 0.007169485092163086
195 0.007742643356323242
196 0.008006572723388672
197 0.008420228958129883
198 0.009715557098388672
199 0.008507966995239258
200 0.008298158645629883
201 0.008890390396118164
202 0.009071111679077148
203 0.009262561798095703
204 0.00956583023071289
205 0.009295225143432617
206 0.009814739227294922
207 0.009747028350830078
208 0.010791778564453125
209 0.0103302001953125
210 0.015993356704711914
211 0.029969453811645508
212 0.04629349708557129
213 0.029371023178100586
214 0.0229647159576416
215 0.023512601852416992
216 0.03169608116149902
217 0.0341947078704834
218 0.010089635848999023
219 0.010586738586425781
220 0.009778499603271484
221 0.009758949279785156
222 0.03533315658569336
223 0.010544061660766602
224 0.009847402572631836
225 0.009849071502685547
226 0.009813785552978516
227 0.01015329360961914
228 0.010065078735351562
229 0.010256528854370117
230 0.010911941528320312
231 0.019397735595703125
232 0.04117774963378906
233 0.04586291313171387
234 0.04027390480041504
235 0.028485774993896484
236 0.025510311126708984
237 0.03733062744140625
238 0.04121708869934082
239 0.0187375545501709
240 0.010560750961303711
241 0.009913444519042969
242 0.009703397750854492
243 0.010234355926513672
244 0.010073423385620117
245 0.010246515274047852
246 0.010570526123046875
247 0.010973930358886719
248 0.010653018951416016
249 0.011041402816772461
250 0.011574745178222656
251 0.01225137710571289
252 0.010499000549316406
253 0.009345054626464844
254 0.00991511344909668
255 0.010329723358154297
256 0.01023411750793457
257 0.010437965393066406
258 0.010497808456420898
259 0.011839151382446289
260 0.011647224426269531
261 0.011605262756347656
262 0.011445999145507812
263 0.011636495590209961
264 0.011742353439331055
265 0.011928796768188477
266 0.012573719024658203
267 0.012889385223388672
268 0.041311025619506836
269 0.03355550765991211
270 0.033676862716674805
271 0.0324549674987793
272 0.011526823043823242
273 0.01044607162475586
274 0.010273456573486328
275 0.03470468521118164
276 0.013406038284301758
277 0.012384414672851562
278 0.012902021408081055
279 0.013057231903076172
280 0.012667655944824219
281 0.013828039169311523
282 0.014748096466064453
283 0.015117406845092773
284 0.030767202377319336
285 0.030956745147705078
286 0.035213470458984375
287 0.054741621017456055
288 0.05532336235046387
289 0.043822526931762695
290 0.031026363372802734
291 0.04838299751281738
292 0.014572858810424805
293 0.013395309448242188
294 0.012976646423339844
295 0.01194620132446289
296 0.011789321899414062
297 0.011936426162719727
298 0.01151728630065918
299 0.011616230010986328
300 0.011513948440551758
301 0.012835025787353516
302 0.012795686721801758
303 0.013183355331420898
304 0.01320505142211914
305 0.01457071304321289
306 0.014704227447509766
307 0.04622173309326172
308 0.05765271186828613
309 0.05274343490600586
310 0.03418302536010742
311 0.05431699752807617
312 0.039328575134277344
313 0.01270294189453125
314 0.012752294540405273
315 0.013003826141357422
316 0.014039993286132812
317 0.01376485824584961
318 0.013954401016235352
319 0.014147758483886719
320 0.014651298522949219
321 0.015355825424194336
322 0.026042461395263672
323 0.039961814880371094
324 0.04022812843322754
325 0.03847169876098633
326 0.0383913516998291
327 0.03797292709350586
328 0.0355219841003418
329 0.04337358474731445
330 0.05127549171447754
331 0.013946771621704102
332 0.013140678405761719
333 0.014228343963623047
334 0.013750314712524414
335 0.015583276748657227
336 0.014868974685668945
337 0.015906095504760742
338 0.015431880950927734
339 0.016549110412597656
340 0.027202367782592773
341 0.05350232124328613
342 0.04389452934265137
343 0.04260706901550293
344 0.040254831314086914
345 0.0452733039855957
346 0.04679155349731445
347 0.037856340408325195
348 0.014123678207397461
349 0.013485193252563477
350 0.013784170150756836
351 0.013778924942016602
352 0.014481544494628906
353 0.015014410018920898
354 0.015628576278686523
355 0.01592111587524414
356 0.028430461883544922
357 0.01837611198425293
358 0.02811908721923828
359 0.05679965019226074
360 0.03981781005859375
361 0.051831722259521484
362 0.04845714569091797
363 0.045210838317871094
364 0.043212890625
365 0.01742720603942871
366 0.014031648635864258
367 0.014101743698120117
368 0.01468801498413086
369 0.01748037338256836
370 0.015924453735351562
371 0.015734195709228516
372 0.015561580657958984
373 0.015821456909179688
374 0.017098665237426758
375 0.017832517623901367
376 0.017428874969482422
377 0.01795816421508789
378 0.019022226333618164
379 0.03776073455810547
380 0.048048973083496094
381 0.051755428314208984
382 0.045534610748291016
383 0.04371523857116699
384 0.04851245880126953
385 0.017122507095336914
386 0.01613903045654297
387 0.016636133193969727
388 0.016660213470458984
389 0.017385482788085938
390 0.017731904983520508
391 0.01805734634399414
392 0.018120527267456055
393 0.01954793930053711
394 0.03204631805419922
395 0.053725242614746094
396 0.04803943634033203
397 0.050194501876831055
398 0.04617452621459961
399 0.04558300971984863
400 0.04646420478820801
401 0.016721010208129883
402 0.01674175262451172
403 0.016597270965576172
404 0.016314029693603516
405 0.017280101776123047
406 0.017409563064575195
407 0.018229007720947266
408 0.018545150756835938
409 0.018932580947875977
410 0.020217180252075195
411 0.03293633460998535
412 0.05756640434265137
413 0.0549774169921875
414 0.048851728439331055
415 0.0464634895324707
416 0.05074596405029297
417 0.03743577003479004
418 0.017072439193725586
419 0.016627788543701172
420 0.017238855361938477
421 0.016449928283691406
422 0.016217470169067383
423 0.015862464904785156
424 0.017075777053833008
425 0.0185091495513916
426 0.018480777740478516
427 0.02120518684387207
428 0.02061772346496582
429 0.019966840744018555
430 0.019223451614379883
431 0.01940464973449707
432 0.019489765167236328
433 0.020981311798095703
434 0.030394554138183594
435 0.06177830696105957
436 0.06923079490661621
437 0.02348923683166504
438 0.01656818389892578
439 0.016552448272705078
440 0.021011829376220703
441 0.02073383331298828
442 0.020797252655029297
443 0.021151304244995117
444 0.01829361915588379
445 0.02113962173461914
446 0.020203828811645508
447 0.020846128463745117
448 0.021944522857666016
449 0.029458284378051758
450 0.05951690673828125
451 0.05940699577331543
452 0.05432319641113281
453 0.06297731399536133
454 0.018024444580078125
455 0.018838882446289062
456 0.01852250099182129
457 0.018798112869262695
458 0.01886749267578125
459 0.020275115966796875
460 0.020490407943725586
461 0.021229028701782227
462 0.023148775100708008
463 0.036176204681396484
464 0.03219747543334961
465 0.018958330154418945
466 0.019003629684448242
467 0.02047872543334961
468 0.021472454071044922
469 0.023511886596679688
470 0.021966934204101562
471 0.022951126098632812
472 0.034597158432006836
473 0.05538320541381836
474 0.022531747817993164
475 0.021689653396606445
476 0.020804166793823242
477 0.01980733871459961
478 0.02095508575439453
479 0.021739959716796875
480 0.02227044105529785
481 0.0283663272857666
482 0.06408524513244629
483 0.05576062202453613
484 0.05374717712402344
485 0.060667991638183594
486 0.06012749671936035
487 0.057623863220214844
488 0.04133176803588867
489 0.02088451385498047
490 0.02105569839477539
491 0.023520708084106445
492 0.022078990936279297
493 0.022019386291503906
494 0.02262568473815918
495 0.02388167381286621
496 0.03795313835144043
497 0.0942831039428711
498 0.06615447998046875
499 0.05089879035949707
