5 0.0008630752563476562
6 0.0009517669677734375
7 0.0030975341796875
8 0.002977132797241211
9 0.002410888671875
10 0.003031015396118164
11 0.0026154518127441406
12 0.0030083656311035156
13 0.0028226375579833984
14 0.003264188766479492
15 0.0030498504638671875
16 0.0034575462341308594
17 0.0036077499389648438
18 0.003922939300537109
19 0.004701375961303711
20 0.005930900573730469
21 0.0038051605224609375
22 0.004622936248779297
23 0.0039522647857666016
24 0.0054590702056884766
25 0.0041658878326416016
26 0.0056073665618896484
27 0.005069732666015625
28 0.0064427852630615234
29 0.004838466644287109
30 0.005703926086425781
31 0.006781339645385742
32 0.005911827087402344
33 0.005023479461669922
34 0.00648808479309082
35 0.005425214767456055
36 0.00563812255859375
37 0.006771564483642578
38 0.005834817886352539
39 0.005972862243652344
40 0.005989789962768555
41 0.006194591522216797
42 0.0062541961669921875
43 0.030653953552246094
44 0.006646156311035156
45 0.006615161895751953
46 0.0067327022552490234
47 0.006853342056274414
48 0.008311033248901367
49 0.007143735885620117
50 0.0072405338287353516
51 0.007280111312866211
52 0.007580995559692383
53 0.010260820388793945
54 0.003552675247192383
55 0.0026373863220214844
56 0.00452113151550293
57 0.0026400089263916016
58 0.0025501251220703125
59 0.0049283504486083984
60 0.002809762954711914
61 0.002721071243286133
62 0.0055999755859375
63 0.003009796142578125
64 0.004253387451171875
65 0.005347728729248047
66 0.0031626224517822266
67 0.0036313533782958984
68 0.0030777454376220703
69 0.005802154541015625
70 0.0039005279541015625
71 0.0032868385314941406
72 0.003616809844970703
73 0.003454923629760742
74 0.0033943653106689453
75 0.004054069519042969
76 0.0035915374755859375
77 0.003860950469970703
78 0.003925800323486328
79 0.003955841064453125
80 0.004039764404296875
81 0.004172801971435547
82 0.0042498111724853516
83 0.03082561492919922
84 0.008597373962402344
85 0.009347200393676758
86 0.009638071060180664
87 0.005870819091796875
88 0.021297931671142578
89 0.011996269226074219
90 0.013201713562011719
91 0.013866424560546875
92 0.013344764709472656
93 0.014816761016845703
94 0.013888120651245117
95 0.014216899871826172
96 0.023354291915893555
97 0.04791617393493652
98 0.018962621688842773
99 0.01477503776550293
100 0.013925552368164062
101 0.013242244720458984
102 0.004898786544799805
103 0.004307746887207031
104 0.0050084590911865234
105 0.004491329193115234
106 0.0053272247314453125
107 0.004541158676147461
108 0.00580143928527832
109 0.004599094390869141
110 0.0058972835540771484
111 0.00497126579284668
112 0.004958629608154297
113 0.00992274284362793
114 0.009841203689575195
115 0.006207704544067383
116 0.009499073028564453
117 0.005841255187988281
118 0.006729841232299805
119 0.00838923454284668
120 0.006602764129638672
121 0.008216619491577148
122 0.009724140167236328
123 0.010083436965942383
124 0.009024620056152344
125 0.008127689361572266
126 0.018543243408203125
127 0.015508413314819336
128 0.01562047004699707
129 0.015708446502685547
130 0.015805959701538086
131 0.03123927116394043
132 0.03130793571472168
133 0.02602982521057129
134 0.02589106559753418
135 0.05629158020019531
136 0.022176504135131836
137 0.029580116271972656
138 0.02485799789428711
139 0.006418704986572266
140 0.006364107131958008
141 0.005852699279785156
142 0.0060689449310302734
143 0.006117105484008789
144 0.006189584732055664
145 0.00647425651550293
146 0.006737232208251953
147 0.006574392318725586
148 0.006847858428955078
149 0.007071256637573242
150 0.00735020637512207
151 0.007273674011230469
152 0.007279157638549805
153 0.007469892501831055
154 0.007616281509399414
155 0.00748133659362793
156 0.007597684860229492
157 0.008048772811889648
158 0.00829005241394043
159 0.008460283279418945
160 0.008974075317382812
161 0.023096084594726562
162 0.020743608474731445
163 0.021147489547729492
164 0.020206212997436523
165 0.023752212524414062
166 0.019909143447875977
167 0.020194053649902344
168 0.02006816864013672
169 0.04413771629333496
170 0.02778172492980957
171 0.02263188362121582
172 0.02367424964904785
173 0.010905981063842773
174 0.008879899978637695
175 0.00839090347290039
176 0.00739598274230957
177 0.007857799530029297
178 0.007502079010009766
179 0.007720232009887695
180 0.00757145881652832
181 0.007608890533447266
182 0.008282661437988281
183 0.008505582809448242
184 0.00855565071105957
185 0.008629083633422852
186 0.008982419967651367
187 0.009296894073486328
188 0.009404182434082031
189 0.01129460334777832
190 0.010266542434692383
191 0.012756109237670898
192 0.026267528533935547
193 0.027172327041625977
194 0.024074792861938477
195 0.02239990234375
196 0.0227358341217041
197 0.023096323013305664
198 0.023156404495239258
199 0.06048750877380371
200 0.039389610290527344
201 0.02683568000793457
202 0.023715972900390625
203 0.02416372299194336
204 0.02228236198425293
205 0.008530616760253906
206 0.008487224578857422
207 0.009006977081298828
208 0.008792877197265625
209 0.009363889694213867
210 0.009007692337036133
211 0.009433507919311523
212 0.010030269622802734
213 0.010300874710083008
214 0.010317087173461914
215 0.01069331169128418
216 0.010459661483764648
217 0.010704278945922852
218 0.011275768280029297
219 0.011273860931396484
220 0.020928621292114258
221 0.02849864959716797
222 0.039420127868652344
223 0.0741732120513916
224 0.03359627723693848
225 0.030241012573242188
226 0.043865203857421875
227 0.012840509414672852
228 0.010836124420166016
229 0.010943174362182617
230 0.01038217544555664
231 0.009641647338867188
232 0.009674072265625
233 0.010785341262817383
234 0.009790420532226562
235 0.009744882583618164
236 0.009935855865478516
237 0.010736942291259766
238 0.010793685913085938
239 0.010974407196044922
240 0.011876821517944336
241 0.022809743881225586
242 0.016965150833129883
243 0.02440643310546875
244 0.05372929573059082
245 0.029692649841308594
246 0.052695274353027344
247 0.03207683563232422
248 0.04331660270690918
249 0.0368647575378418
250 0.021816730499267578
251 0.009850263595581055
252 0.009747743606567383
253 0.009674310684204102
254 0.010004281997680664
255 0.010182380676269531
256 0.010381698608398438
257 0.010483980178833008
258 0.011148214340209961
259 0.01075434684753418
260 0.011215925216674805
261 0.011239051818847656
262 0.011626005172729492
263 0.011542558670043945
264 0.01212453842163086
265 0.01340937614440918
266 0.012162208557128906
267 0.012488126754760742
268 0.012540817260742188
269 0.013145923614501953
270 0.01357269287109375
271 0.019318342208862305
272 0.031340837478637695
273 0.059712886810302734
274 0.03593802452087402
275 0.05372309684753418
276 0.03150773048400879
277 0.04546952247619629
278 0.017018795013427734
279 0.010976791381835938
280 0.011765718460083008
281 0.011921167373657227
282 0.011903524398803711
283 0.012448787689208984
284 0.012052536010742188
285 0.01234579086303711
286 0.012789726257324219
287 0.012894153594970703
288 0.014745950698852539
289 0.015091419219970703
290 0.0160830020904541
291 0.01481008529663086
292 0.03673291206359863
293 0.08436250686645508
294 0.059693098068237305
295 0.03596329689025879
296 0.040407657623291016
297 0.01975536346435547
298 0.011594057083129883
299 0.011828184127807617
300 0.011767387390136719
301 0.011954069137573242
302 0.012179851531982422
303 0.012193679809570312
304 0.013844490051269531
305 0.013092041015625
306 0.013478279113769531
307 0.013859033584594727
308 0.014126777648925781
309 0.014549732208251953
310 0.014644861221313477
311 0.01579451560974121
312 0.023511648178100586
313 0.04232168197631836
314 0.053289175033569336
315 0.03538012504577637
316 0.03575563430786133
317 0.06071949005126953
318 0.0403134822845459
319 0.013503551483154297
320 0.012656688690185547
321 0.012865781784057617
322 0.01280665397644043
323 0.013892889022827148
324 0.01405024528503418
325 0.014131307601928711
326 0.015591859817504883
327 0.015601158142089844
328 0.01614975929260254
329 0.016448259353637695
330 0.018803119659423828
331 0.03020787239074707
332 0.047095298767089844
333 0.04416680335998535
334 0.03998708724975586
335 0.04651212692260742
336 0.04311871528625488
337 0.04388546943664551
338 0.04230141639709473
339 0.04066658020019531
340 0.037264108657836914
341 0.01741766929626465
342 0.016286611557006836
343 0.014476776123046875
344 0.014549493789672852
345 0.015751361846923828
346 0.016295433044433594
347 0.016351699829101562
348 0.016515493392944336
349 0.01692819595336914
350 0.01782083511352539
351 0.01844644546508789
352 0.03674721717834473
353 0.05858445167541504
354 0.04358983039855957
355 0.04343271255493164
356 0.024254560470581055
357 0.014300346374511719
358 0.01461935043334961
359 0.016872406005859375
360 0.016350269317626953
361 0.015681028366088867
362 0.01703476905822754
363 0.0162203311920166
364 0.018590211868286133
365 0.017398595809936523
366 0.01882481575012207
367 0.018901824951171875
368 0.01979804039001465
369 0.0442509651184082
370 0.054051876068115234
371 0.05028200149536133
372 0.044850826263427734
373 0.04414820671081543
374 0.05926227569580078
375 0.016971588134765625
376 0.017271757125854492
377 0.018587112426757812
378 0.01639699935913086
379 0.017367839813232422
380 0.0179901123046875
381 0.01848125457763672
382 0.018889427185058594
383 0.020958900451660156
384 0.03481626510620117
385 0.051926374435424805
386 0.05259966850280762
387 0.04680657386779785
388 0.0456387996673584
389 0.04710650444030762
390 0.02943277359008789
391 0.01677560806274414
392 0.0164031982421875
393 0.016486406326293945
394 0.01701498031616211
395 0.017690658569335938
396 0.01862645149230957
397 0.01924300193786621
398 0.021053552627563477
399 0.024808406829833984
400 0.05683398246765137
401 0.0492558479309082
402 0.047720909118652344
403 0.053496599197387695
404 0.055188655853271484
405 0.04922008514404297
406 0.01645493507385254
407 0.016228199005126953
408 0.018265485763549805
409 0.0167238712310791
410 0.018216371536254883
411 0.017667055130004883
412 0.01887822151184082
413 0.02046060562133789
414 0.019684553146362305
415 0.020206212997436523
416 0.021209001541137695
417 0.026807069778442383
418 0.05489039421081543
419 0.08445954322814941
420 0.0526890754699707
421 0.04954385757446289
422 0.0456690788269043
423 0.017824888229370117
424 0.01792120933532715
425 0.018002748489379883
426 0.018599748611450195
427 0.018439769744873047
428 0.018197298049926758
429 0.019942760467529297
430 0.020880937576293945
431 0.02118706703186035
432 0.022583723068237305
433 0.03977489471435547
434 0.056725502014160156
435 0.056494951248168945
436 0.05304908752441406
437 0.059036970138549805
438 0.028107166290283203
439 0.019163131713867188
440 0.018864870071411133
441 0.01962113380432129
442 0.020434141159057617
443 0.020955801010131836
444 0.021371841430664062
445 0.023064613342285156
446 0.039206504821777344
447 0.06156039237976074
448 0.06002926826477051
449 0.05567145347595215
450 0.06086611747741699
451 0.054596900939941406
452 0.018838882446289062
453 0.018273591995239258
454 0.018746614456176758
455 0.019365549087524414
456 0.02048969268798828
457 0.021291494369506836
458 0.022043943405151367
459 0.0364229679107666
460 0.07363438606262207
461 0.05695533752441406
462 0.05408883094787598
463 0.07315969467163086
464 0.04489731788635254
465 0.01894831657409668
466 0.01908135414123535
467 0.01931619644165039
468 0.019930362701416016
469 0.02178645133972168
470 0.02230381965637207
471 0.022787809371948242
472 0.02508258819580078
473 0.055294036865234375
474 0.06189870834350586
475 0.05572509765625
476 0.05756545066833496
477 0.05814862251281738
478 0.06013989448547363
479 0.0566563606262207
480 0.030078411102294922
481 0.024582862854003906
482 0.021693944931030273
483 0.022897005081176758
484 0.025054931640625
485 0.023220539093017578
486 0.023877620697021484
487 0.02602362632751465
488 0.07691669464111328
489 0.08104205131530762
490 0.05866408348083496
491 0.05859947204589844
492 0.03437209129333496
493 0.022008895874023438
494 0.021741390228271484
495 0.021334171295166016
496 0.02357959747314453
497 0.02407526969909668
498 0.024870872497558594
499 0.031441688537597656
