5 0.002269744873046875
6 0.0020935535430908203
7 0.0028061866760253906
8 0.003621816635131836
9 0.003582000732421875
10 0.003922462463378906
11 0.0031316280364990234
12 0.0031347274780273438
13 0.0028684139251708984
14 0.003232717514038086
15 0.003050088882446289
16 0.004981040954589844
17 0.003654956817626953
18 0.003480195999145508
19 0.004466056823730469
20 0.0036444664001464844
21 0.004791736602783203
22 0.007302045822143555
23 0.007048368453979492
24 0.004520893096923828
25 0.00682377815246582
26 0.006301403045654297
27 0.004369258880615234
28 0.00463414192199707
29 0.004590272903442383
30 0.004595518112182617
31 0.0048329830169677734
32 0.0050885677337646484
33 0.005090475082397461
34 0.005060672760009766
35 0.006958484649658203
36 0.007574796676635742
37 0.0063478946685791016
38 0.006130218505859375
39 0.0058116912841796875
40 0.005780935287475586
41 0.009428977966308594
42 0.006486177444458008
43 0.006407976150512695
44 0.006643772125244141
45 0.006749868392944336
46 0.006711006164550781
47 0.010519027709960938
48 0.008418798446655273
49 0.006325721740722656
50 0.004427194595336914
51 0.002346515655517578
52 0.0024542808532714844
53 0.004398822784423828
54 0.002731800079345703
55 0.0025854110717773438
56 0.0054018497467041016
57 0.002685546875
58 0.003530263900756836
59 0.0055124759674072266
60 0.002797842025756836
61 0.005805253982543945
62 0.003236055374145508
63 0.005373477935791016
64 0.003015279769897461
65 0.0035462379455566406
66 0.0036487579345703125
67 0.003107309341430664
68 0.003725290298461914
69 0.004041433334350586
70 0.003562450408935547
71 0.0038161277770996094
72 0.003740072250366211
73 0.00640106201171875
74 0.007500648498535156
75 0.007767200469970703
76 0.007738828659057617
77 0.007956504821777344
78 0.008249759674072266
79 0.005997896194458008
80 0.00733184814453125
81 0.007256507873535156
82 0.004621982574462891
83 0.007753849029541016
84 0.02003955841064453
85 0.021092891693115234
86 0.021343469619750977
87 0.018511533737182617
88 0.011074542999267578
89 0.010967493057250977
90 0.016420602798461914
91 0.022226572036743164
92 0.02282404899597168
93 0.017618894577026367
94 0.015235424041748047
95 0.019282817840576172
96 0.023669958114624023
97 0.023518800735473633
98 0.0064220428466796875
99 0.0043108463287353516
100 0.004355192184448242
101 0.0042803287506103516
102 0.004349231719970703
103 0.004549980163574219
104 0.004373311996459961
105 0.004485368728637695
106 0.004797935485839844
107 0.004749298095703125
108 0.004718780517578125
109 0.005842447280883789
110 0.005632638931274414
111 0.0049169063568115234
112 0.005610942840576172
113 0.0053730010986328125
114 0.005725860595703125
115 0.008387327194213867
116 0.006124973297119141
117 0.008127927780151367
118 0.009159564971923828
119 0.008026838302612305
120 0.006834745407104492
121 0.0062329769134521484
122 0.008203983306884766
123 0.006648063659667969
124 0.006602764129638672
125 0.006999015808105469
126 0.011395692825317383
127 0.015077829360961914
128 0.01660752296447754
129 0.016737937927246094
130 0.01620650291442871
131 0.016434192657470703
132 0.016571521759033203
133 0.020179271697998047
134 0.017012596130371094
135 0.01774311065673828
136 0.017586708068847656
137 0.01910877227783203
138 0.01825118064880371
139 0.0184171199798584
140 0.017839670181274414
141 0.017279624938964844
142 0.021706342697143555
143 0.008006811141967773
144 0.0064623355865478516
145 0.005955696105957031
146 0.006473064422607422
147 0.006112098693847656
148 0.006347179412841797
149 0.007267475128173828
150 0.006419181823730469
151 0.007359504699707031
152 0.007182598114013672
153 0.008219242095947266
154 0.007544279098510742
155 0.00753331184387207
156 0.007268667221069336
157 0.007838726043701172
158 0.00773167610168457
159 0.007828235626220703
160 0.007973670959472656
161 0.008489847183227539
162 0.008454084396362305
163 0.011658906936645508
164 0.03778409957885742
165 0.027169466018676758
166 0.030992507934570312
167 0.02252054214477539
168 0.021867036819458008
169 0.025621652603149414
170 0.02101731300354004
171 0.03604602813720703
172 0.034453392028808594
173 0.03853130340576172
174 0.015813112258911133
175 0.008285045623779297
176 0.008434057235717773
177 0.007161855697631836
178 0.007491111755371094
179 0.007260560989379883
180 0.00729823112487793
181 0.007442951202392578
182 0.007616519927978516
183 0.0076313018798828125
184 0.007685422897338867
185 0.00804281234741211
186 0.008547067642211914
187 0.008551359176635742
188 0.016041040420532227
189 0.00910639762878418
190 0.011168241500854492
191 0.010866641998291016
192 0.011034488677978516
193 0.011324644088745117
194 0.02497124671936035
195 0.02772998809814453
196 0.023104429244995117
197 0.02335643768310547
198 0.023244619369506836
199 0.02500176429748535
200 0.03226757049560547
201 0.02809309959411621
202 0.03313016891479492
203 0.0262148380279541
204 0.0241544246673584
205 0.02417778968811035
206 0.02745223045349121
207 0.009623527526855469
208 0.009408235549926758
209 0.009159088134765625
210 0.009385108947753906
211 0.009946584701538086
212 0.009356021881103516
213 0.009113550186157227
214 0.00928354263305664
215 0.00912332534790039
216 0.0103912353515625
217 0.010434150695800781
218 0.010084390640258789
219 0.010562658309936523
220 0.010525226593017578
221 0.010540246963500977
222 0.011474609375
223 0.011708259582519531
224 0.017724037170410156
225 0.041733741760253906
226 0.03229117393493652
227 0.030943632125854492
228 0.028262853622436523
229 0.02694559097290039
230 0.026776790618896484
231 0.03549647331237793
232 0.031436920166015625
233 0.010689735412597656
234 0.010948896408081055
235 0.011162757873535156
236 0.011092185974121094
237 0.009847402572631836
238 0.010234594345092773
239 0.009881973266601562
240 0.010960817337036133
241 0.011090755462646484
242 0.011137008666992188
243 0.012388467788696289
244 0.011790752410888672
245 0.016507863998413086
246 0.013605356216430664
247 0.024553775787353516
248 0.03253889083862305
249 0.03280067443847656
250 0.029755115509033203
251 0.029296159744262695
252 0.07272076606750488
253 0.047109365463256836
254 0.039751529693603516
255 0.011295318603515625
256 0.009971380233764648
257 0.011127710342407227
258 0.010730981826782227
259 0.010331153869628906
260 0.010306119918823242
261 0.011786460876464844
262 0.011508703231811523
263 0.010973215103149414
264 0.012236356735229492
265 0.01723504066467285
266 0.012616634368896484
267 0.013153553009033203
268 0.013698339462280273
269 0.01428985595703125
270 0.02396869659423828
271 0.03437471389770508
272 0.031523704528808594
273 0.030751466751098633
274 0.08065009117126465
275 0.0457005500793457
276 0.03743386268615723
277 0.03405046463012695
278 0.02675771713256836
279 0.011808633804321289
280 0.01149296760559082
281 0.013400554656982422
282 0.01376199722290039
283 0.013158321380615234
284 0.013221502304077148
285 0.013765811920166016
286 0.013509511947631836
287 0.013422489166259766
288 0.01380610466003418
289 0.014501571655273438
290 0.01835489273071289
291 0.03484177589416504
292 0.04097867012023926
293 0.07828283309936523
294 0.03323984146118164
295 0.033205270767211914
296 0.05626845359802246
297 0.017370939254760742
298 0.01380157470703125
299 0.014199495315551758
300 0.01291966438293457
301 0.012851715087890625
302 0.012846231460571289
303 0.013729095458984375
304 0.013875007629394531
305 0.014127969741821289
306 0.01439523696899414
307 0.01480555534362793
308 0.015565156936645508
309 0.021233320236206055
310 0.04239177703857422
311 0.07545113563537598
312 0.01522970199584961
313 0.012538909912109375
314 0.012342214584350586
315 0.012346744537353516
316 0.012780904769897461
317 0.01294398307800293
318 0.01409912109375
319 0.01469278335571289
320 0.01506352424621582
321 0.01653122901916504
322 0.016210556030273438
323 0.018787384033203125
324 0.014877796173095703
325 0.013780355453491211
326 0.013551950454711914
327 0.014028072357177734
328 0.0140380859375
329 0.015755414962768555
330 0.015527486801147461
331 0.02727341651916504
332 0.02223658561706543
333 0.045117855072021484
334 0.07720446586608887
335 0.04648756980895996
336 0.019746780395507812
337 0.014958620071411133
338 0.016058921813964844
339 0.015023231506347656
340 0.01506948471069336
341 0.01664113998413086
342 0.01677870750427246
343 0.0174102783203125
344 0.017120361328125
345 0.018520355224609375
346 0.0184323787689209
347 0.06248617172241211
348 0.016466140747070312
349 0.016898632049560547
350 0.015230417251586914
351 0.016156911849975586
352 0.015927791595458984
353 0.016649484634399414
354 0.017284154891967773
355 0.01755046844482422
356 0.04368710517883301
357 0.0300750732421875
358 0.05306887626647949
359 0.05034184455871582
360 0.04531526565551758
361 0.04334425926208496
362 0.04791069030761719
363 0.01743292808532715
364 0.018891572952270508
365 0.017660140991210938
366 0.01838374137878418
367 0.01822066307067871
368 0.01741170883178711
369 0.01773357391357422
370 0.017985105514526367
371 0.019106388092041016
372 0.08449339866638184
373 0.04978442192077637
374 0.050611257553100586
375 0.04487133026123047
376 0.04698801040649414
377 0.04516172409057617
378 0.01875019073486328
379 0.017716407775878906
380 0.019857406616210938
381 0.018272876739501953
382 0.01854538917541504
383 0.018660545349121094
384 0.01860356330871582
385 0.01987910270690918
386 0.04845094680786133
387 0.06572103500366211
388 0.05588197708129883
389 0.04570364952087402
390 0.04616403579711914
391 0.041861534118652344
392 0.016915321350097656
393 0.017521142959594727
394 0.017656326293945312
395 0.018649578094482422
396 0.018613815307617188
397 0.019513607025146484
398 0.019550800323486328
399 0.07407689094543457
400 0.10664224624633789
401 0.04775071144104004
402 0.04980874061584473
403 0.07743716239929199
404 0.01623702049255371
405 0.016977548599243164
406 0.017420530319213867
407 0.017940282821655273
408 0.01871204376220703
409 0.046842098236083984
410 0.023203611373901367
411 0.03732109069824219
412 0.056459903717041016
413 0.07357311248779297
414 0.040186405181884766
415 0.017889738082885742
416 0.018817901611328125
417 0.04558086395263672
418 0.019406795501708984
419 0.01721978187561035
420 0.017397403717041016
421 0.018119335174560547
422 0.017902135848999023
423 0.018724918365478516
424 0.046395301818847656
425 0.019334793090820312
426 0.018825531005859375
427 0.01959705352783203
428 0.01987457275390625
429 0.021807193756103516
430 0.04626655578613281
431 0.026249408721923828
432 0.05186319351196289
433 0.08017349243164062
434 0.04624319076538086
435 0.0176849365234375
436 0.017924785614013672
437 0.018846988677978516
438 0.019373178482055664
439 0.04439878463745117
440 0.01954936981201172
441 0.02106475830078125
442 0.0247802734375
443 0.0245819091796875
444 0.022821903228759766
445 0.07779574394226074
446 0.06031966209411621
447 0.08210468292236328
448 0.052741289138793945
449 0.03444528579711914
450 0.042174339294433594
451 0.02112555503845215
452 0.02243494987487793
453 0.019095182418823242
454 0.017988920211791992
455 0.018759965896606445
456 0.018887758255004883
457 0.04675865173339844
458 0.02128314971923828
459 0.02114391326904297
460 0.021598339080810547
461 0.021892547607421875
462 0.02291417121887207
463 0.047847747802734375
464 0.039803266525268555
465 0.0663139820098877
466 0.04558110237121582
467 0.020846128463745117
468 0.021086692810058594
469 0.02117609977722168
470 0.022033214569091797
471 0.027021169662475586
472 0.07025527954101562
473 0.06222200393676758
474 0.08104968070983887
475 0.061068058013916016
476 0.03403139114379883
477 0.044214487075805664
478 0.02049851417541504
479 0.022295475006103516
480 0.024339914321899414
481 0.02163076400756836
482 0.02122187614440918
483 0.02226877212524414
484 0.04516458511352539
485 0.023775100708007812
486 0.024880170822143555
487 0.037169694900512695
488 0.0899806022644043
489 0.0701148509979248
490 0.08345651626586914
491 0.06625676155090332
492 0.023351430892944336
493 0.046706438064575195
494 0.024120092391967773
495 0.024288654327392578
496 0.023988008499145508
497 0.025588274002075195
498 0.07915234565734863
499 0.06932497024536133
