5 0.003050088882446289
6 0.0023772716522216797
7 0.0022492408752441406
8 0.004174709320068359
9 0.0028488636016845703
10 0.026666879653930664
11 0.003918886184692383
12 0.002873659133911133
13 0.002820730209350586
14 0.0029125213623046875
15 0.0033376216888427734
16 0.0034236907958984375
17 0.0035736560821533203
18 0.003631114959716797
19 0.004754066467285156
20 0.003564119338989258
21 0.0037152767181396484
22 0.004261016845703125
23 0.0039010047912597656
24 0.0039594173431396484
25 0.004102468490600586
26 0.004582643508911133
27 0.0059337615966796875
28 0.008599996566772461
29 0.008906841278076172
30 0.009078741073608398
31 0.009017467498779297
32 0.009392023086547852
33 0.022686004638671875
34 0.0039997100830078125
35 0.003409147262573242
36 0.0018725395202636719
37 0.001971006393432617
38 0.0036699771881103516
39 0.004472017288208008
40 0.0020020008087158203
41 0.0021288394927978516
42 0.0021300315856933594
43 0.002109527587890625
44 0.002214670181274414
45 0.0022079944610595703
46 0.0022602081298828125
47 0.0032281875610351562
48 0.0023887157440185547
49 0.0028188228607177734
50 0.0024068355560302734
51 0.004155158996582031
52 0.0033309459686279297
53 0.003031492233276367
54 0.004084587097167969
55 0.0030226707458496094
56 0.0031659603118896484
57 0.0032529830932617188
58 0.0035343170166015625
59 0.003711223602294922
60 0.0032312870025634766
61 0.0032722949981689453
62 0.003994941711425781
63 0.0034923553466796875
64 0.003489255905151367
65 0.0035424232482910156
66 0.0036275386810302734
67 0.003659486770629883
68 0.0036134719848632812
69 0.003785848617553711
70 0.0043032169342041016
71 0.005709648132324219
72 0.005423307418823242
73 0.004266977310180664
74 0.0050754547119140625
75 0.005994319915771484
76 0.01228475570678711
77 0.012044191360473633
78 0.01345515251159668
79 0.014286041259765625
80 0.012885093688964844
81 0.012267827987670898
82 0.010840654373168945
83 0.03760051727294922
84 0.010715961456298828
85 0.011234521865844727
86 0.011155366897583008
87 0.011410713195800781
88 0.013409137725830078
89 0.006329536437988281
90 0.003803253173828125
91 0.003901958465576172
92 0.0045239925384521484
93 0.004113197326660156
94 0.004832029342651367
95 0.004700660705566406
96 0.004555463790893555
97 0.0042531490325927734
98 0.004902362823486328
99 0.005057334899902344
100 0.004747867584228516
101 0.004964590072631836
102 0.004847049713134766
103 0.004794120788574219
104 0.004940986633300781
105 0.005442142486572266
106 0.005460500717163086
107 0.005899906158447266
108 0.005279541015625
109 0.005340576171875
110 0.005734920501708984
111 0.005646944046020508
112 0.005589008331298828
113 0.005741119384765625
114 0.0313563346862793
115 0.015866756439208984
116 0.027321815490722656
117 0.028725147247314453
118 0.02274918556213379
119 0.025424480438232422
120 0.028900623321533203
121 0.029295921325683594
122 0.05296516418457031
123 0.024508237838745117
124 0.019091367721557617
125 0.005477428436279297
126 0.007033824920654297
127 0.007561922073364258
128 0.005373954772949219
129 0.007796764373779297
130 0.008071184158325195
131 0.005763053894042969
132 0.006920337677001953
133 0.007195472717285156
134 0.006261587142944336
135 0.007897138595581055
136 0.006578683853149414
137 0.006552457809448242
138 0.006601572036743164
139 0.007255077362060547
140 0.006975650787353516
141 0.007140636444091797
142 0.007057666778564453
143 0.00756525993347168
144 0.0074977874755859375
145 0.03937077522277832
146 0.018054723739624023
147 0.02021932601928711
148 0.023368120193481445
149 0.028910398483276367
150 0.03520560264587402
151 0.026613235473632812
152 0.017855167388916016
153 0.018230438232421875
154 0.05739307403564453
155 0.03046584129333496
156 0.01800060272216797
157 0.0072290897369384766
158 0.006396055221557617
159 0.007452964782714844
160 0.0066721439361572266
161 0.006936550140380859
162 0.006885528564453125
163 0.006957530975341797
164 0.00742650032043457
165 0.008112668991088867
166 0.007147073745727539
167 0.00742030143737793
168 0.007944345474243164
169 0.007977485656738281
170 0.007881879806518555
171 0.00819849967956543
172 0.008288860321044922
173 0.008414745330810547
174 0.03996396064758301
175 0.03838062286376953
176 0.0327301025390625
177 0.036161184310913086
178 0.04149794578552246
179 0.024647235870361328
180 0.06139945983886719
181 0.03430342674255371
182 0.0320127010345459
183 0.008654356002807617
184 0.008103370666503906
185 0.00930333137512207
186 0.008254528045654297
187 0.008156776428222656
188 0.008334159851074219
189 0.008047103881835938
190 0.008239030838012695
191 0.008743047714233398
192 0.008832693099975586
193 0.009011507034301758
194 0.009023189544677734
195 0.009408712387084961
196 0.03394269943237305
197 0.025377511978149414
198 0.03865480422973633
199 0.03171968460083008
200 0.03779172897338867
201 0.028734683990478516
202 0.024202346801757812
203 0.04892325401306152
204 0.02814030647277832
205 0.028414011001586914
206 0.030611515045166016
207 0.018964052200317383
208 0.008700132369995117
209 0.00854945182800293
210 0.008687257766723633
211 0.008498191833496094
212 0.008646011352539062
213 0.008985519409179688
214 0.009320735931396484
215 0.009049654006958008
216 0.009868383407592773
217 0.01100468635559082
218 0.037207841873168945
219 0.013340473175048828
220 0.01196908950805664
221 0.013800859451293945
222 0.031537771224975586
223 0.03161430358886719
224 0.026144981384277344
225 0.02628779411315918
226 0.07208967208862305
227 0.030936241149902344
228 0.02896714210510254
229 0.030946016311645508
230 0.030374765396118164
231 0.028534889221191406
232 0.02722907066345215
233 0.05290699005126953
234 0.019704818725585938
235 0.010246753692626953
236 0.010241508483886719
237 0.010612726211547852
238 0.010710716247558594
239 0.010682344436645508
240 0.01204824447631836
241 0.011916637420654297
242 0.011371374130249023
243 0.011583805084228516
244 0.011610031127929688
245 0.01218724250793457
246 0.012481451034545898
247 0.01245737075805664
248 0.012939691543579102
249 0.013330936431884766
250 0.053920745849609375
251 0.03595280647277832
252 0.0355381965637207
253 0.036711692810058594
254 0.013900995254516602
255 0.010534286499023438
256 0.010198116302490234
257 0.01027369499206543
258 0.01022648811340332
259 0.04192852973937988
260 0.013874530792236328
261 0.012822866439819336
262 0.013696432113647461
263 0.013091087341308594
264 0.01347661018371582
265 0.012546539306640625
266 0.01474308967590332
267 0.012449979782104492
268 0.012451171875
269 0.01315164566040039
270 0.01298975944519043
271 0.014191865921020508
272 0.024236679077148438
273 0.05860590934753418
274 0.039786338806152344
275 0.03412628173828125
276 0.03128862380981445
277 0.051175594329833984
278 0.023310184478759766
279 0.014143943786621094
280 0.036566734313964844
281 0.013106107711791992
282 0.013204574584960938
283 0.013676166534423828
284 0.0378570556640625
285 0.014585018157958984
286 0.01808905601501465
287 0.05067300796508789
288 0.06540703773498535
289 0.05242609977722168
290 0.03341174125671387
291 0.03345084190368652
292 0.05820012092590332
293 0.019609689712524414
294 0.011675357818603516
295 0.012637138366699219
296 0.012822628021240234
297 0.012874364852905273
298 0.013207197189331055
299 0.013911724090576172
300 0.03760266304016113
301 0.014349937438964844
302 0.01425027847290039
303 0.016117095947265625
304 0.015332937240600586
305 0.03484082221984863
306 0.07452630996704102
307 0.04764890670776367
308 0.03493976593017578
309 0.08417344093322754
310 0.028208017349243164
311 0.015200376510620117
312 0.014594316482543945
313 0.014229536056518555
314 0.013056039810180664
315 0.01306772232055664
316 0.03906083106994629
317 0.014975786209106445
318 0.015120983123779297
319 0.016097307205200195
320 0.029555797576904297
321 0.08858466148376465
322 0.0667257308959961
323 0.04312634468078613
324 0.0708768367767334
325 0.03278350830078125
326 0.014942407608032227
327 0.015014410018920898
328 0.013748884201049805
329 0.0388338565826416
330 0.015252113342285156
331 0.015769004821777344
332 0.016051530838012695
333 0.016974687576293945
334 0.017589330673217773
335 0.07776856422424316
336 0.06439757347106934
337 0.040392398834228516
338 0.0767359733581543
339 0.04247784614562988
340 0.043256282806396484
341 0.06550931930541992
342 0.042936086654663086
343 0.05884289741516113
344 0.05106306076049805
345 0.018639802932739258
346 0.018197059631347656
347 0.02855968475341797
348 0.06598067283630371
349 0.04886436462402344
350 0.04812765121459961
351 0.02089405059814453
352 0.03812718391418457
353 0.014272928237915039
354 0.01404118537902832
355 0.014496088027954102
356 0.01682448387145996
357 0.014847755432128906
358 0.015958070755004883
359 0.016014575958251953
360 0.016603469848632812
361 0.04187655448913574
362 0.018381118774414062
363 0.01822519302368164
364 0.018991708755493164
365 0.03391718864440918
366 0.07702779769897461
367 0.04995608329772949
368 0.04332256317138672
369 0.04640603065490723
370 0.01868295669555664
371 0.016775846481323242
372 0.018755435943603516
373 0.019117116928100586
374 0.019316911697387695
375 0.019130945205688477
376 0.04729771614074707
377 0.045600175857543945
378 0.05429863929748535
379 0.07177591323852539
380 0.04554939270019531
381 0.048827171325683594
382 0.054491281509399414
383 0.015893220901489258
384 0.015613317489624023
385 0.01631021499633789
386 0.016102075576782227
387 0.01690077781677246
388 0.017106056213378906
389 0.018529653549194336
390 0.04449796676635742
391 0.02198624610900879
392 0.04724621772766113
393 0.07599568367004395
394 0.04693341255187988
395 0.07381200790405273
396 0.061531782150268555
397 0.017680883407592773
398 0.016205787658691406
399 0.016766071319580078
400 0.016991138458251953
401 0.018169879913330078
402 0.0439300537109375
403 0.032379865646362305
404 0.05176544189453125
405 0.06174182891845703
406 0.04790687561035156
407 0.09553766250610352
408 0.062474727630615234
409 0.019390344619750977
410 0.016408205032348633
411 0.016489505767822266
412 0.016486406326293945
413 0.0169677734375
414 0.040610313415527344
415 0.02260613441467285
416 0.02257513999938965
417 0.021738052368164062
418 0.02206134796142578
419 0.022083759307861328
420 0.021303892135620117
421 0.020763874053955078
422 0.021567583084106445
423 0.05691647529602051
424 0.058383941650390625
425 0.05731368064880371
426 0.051506757736206055
427 0.07787632942199707
428 0.017351627349853516
429 0.01799154281616211
430 0.018360614776611328
431 0.019116878509521484
432 0.019118070602416992
433 0.02066326141357422
434 0.020946502685546875
435 0.021998167037963867
436 0.023382902145385742
437 0.0792698860168457
438 0.053671836853027344
439 0.05591535568237305
440 0.022481441497802734
441 0.01778888702392578
442 0.04232048988342285
443 0.022737741470336914
444 0.018080949783325195
445 0.01988387107849121
446 0.02110910415649414
447 0.0220034122467041
448 0.022864341735839844
449 0.021642446517944336
450 0.021899938583374023
451 0.02373528480529785
452 0.06919622421264648
453 0.05908489227294922
454 0.05847668647766113
455 0.03989577293395996
456 0.01883077621459961
457 0.04574704170227051
458 0.01998615264892578
459 0.021251201629638672
460 0.020011425018310547
461 0.022118806838989258
462 0.02237844467163086
463 0.022736549377441406
464 0.023982763290405273
465 0.07213807106018066
466 0.06360125541687012
467 0.0782613754272461
468 0.0533907413482666
469 0.04240894317626953
470 0.019135475158691406
471 0.019666194915771484
472 0.02136516571044922
473 0.021730661392211914
474 0.022038698196411133
475 0.02309870719909668
476 0.02448892593383789
477 0.036982059478759766
478 0.10475516319274902
479 0.08300518989562988
480 0.0559687614440918
481 0.08936166763305664
482 0.019126415252685547
483 0.022272825241088867
484 0.0213623046875
485 0.02200770378112793
486 0.02236151695251465
487 0.023267745971679688
488 0.047712087631225586
489 0.05915427207946777
490 0.08249306678771973
491 0.05990934371948242
492 0.07787275314331055
493 0.02090907096862793
494 0.020381450653076172
495 0.022632598876953125
496 0.022896289825439453
497 0.02389359474182129
498 0.02420663833618164
499 0.02696847915649414
