6 2
2 2
2 2
3 2
3 3
4 3
4 2
5 3
5 3
3 2
4 3
4 3
5 2
5 3
6 3
6 3
2 2
3 3
3 2
4 3
4 3
5 2
5 3
3 3
4 3
2 2
3 3
3 2
2 2
3 3
3 2
4 3
4 3
5 3
2 2
3 3
3 3
2 2
3 3
3 3
4 4
4 3
5 3
5 4
3 3
4 3
4 3
5 3
5 2
6 3
6 3
4 3
5 4
5 3
6 3
2 2
3 3
3 3
4 3
4 3
5 3
5 4
2 2
3 3
3 3
4 3
4 4
5 4
5 3
3 3
4 4
4 3
5 3
5 4
6 3
6 3
4 3
5 3
5 3
6 4
6 3
7 3
3 3
3 3
4 3
4 4
5 3
5 3
6 4
6 4
4 3
5 4
5 3
6 3
6 4
7 3
7 4
3 3
4 4
4 3
5 4
5 3
6 3
6 4
4 3
5 4
3 3
4 4
4 3
3 3
4 4
4 3
5 4
5 4
6 4
3 3
4 4
4 4
3 3
4 4
4 4
5 4
5 3
6 4
6 4
4 4
5 4
5 4
6 4
6 3
7 4
7 4
5 4
6 4
6 4
7 4
3 3
4 4
4 4
5 4
5 4
6 4
6 4
3 3
4 4
4 4
5 4
5 5
6 4
6 4
4 4
5 4
5 4
6 4
6 4
7 4
7 4
5 4
6 4
6 4
7 4
7 4
8 4
4 4
4 4
5 4
5 4
6 4
6 4
7 4
7 5
5 4
6 5
6 4
7 4
7 4
8 4
8 5
4 4
5 5
5 4
6 5
6 4
7 4
7 5
5 4
6 5
4 4
5 5
5 4
4 4
5 5
5 4
6 5
6 5
7 5
4 4
5 5
5 5
4 4
5 5
5 5
6 5
6 4
7 5
7 5
5 5
6 5
6 5
7 5
7 4
8 5
8 5
6 5
7 5
7 5
8 5
4 4
5 5
5 5
6 5
6 5
7 5
7 5
4 4
5 5
5 5
6 5
6 5
7 5
7 5
5 5
6 5
6 5
7 5
7 5
8 5
8 5
6 5
7 5
7 5
8 5
8 5
9 5
5 5
5 5
6 5
6 5
7 5
7 5
8 5
8 6
6 5
7 6
7 5
8 5
8 5
9 5
9 6
5 5
6 6
6 5
7 6
7 5
8 5
8 6
6 5
7 6
5 5
6 6
6 5
5 5
6 6
6 5
7 6
7 6
8 6
5 5
6 6
6 6
5 5
6 6
6 6
7 6
7 5
8 6
8 6
6 6
7 6
7 6
8 6
8 5
9 6
9 6
7 6
8 6
8 6
9 6
5 5
6 6
6 6
7 6
7 6
8 6
8 6
5 5
6 6
6 6
7 6
7 6
8 6
8 6
6 6
7 6
7 6
8 6
8 6
9 6
9 6
7 6
8 6
8 6
9 6
9 6
10 6
6 6
6 6
7 6
7 6
8 6
8 6
9 6
9 7
7 6
8 7
8 6
9 6
9 6
10 6
10 7
6 6
7 7
7 6
8 7
8 6
9 6
9 7
7 6
8 7
6 6
7 7
7 6
6 6
7 7
7 6
8 7
8 7
9 7
6 6
7 7
7 7
6 6
7 7
7 7
8 7
8 6
9 7
9 7
7 7
8 7
8 7
9 7
9 6
10 7
10 7
8 7
9 7
9 7
10 7
6 6
7 7
7 7
8 7
8 7
9 7
9 7
6 6
7 7
7 7
8 7
8 7
9 7
9 7
7 7
8 7
8 7
9 7
9 7
10 7
10 7
8 7
