2 2
3 2
4 2
5 2
6 2
7 2
3 2
2 2
2 2
2 2
2 2
3 2
4 2
5 2
6 2
7 3
3 2
4 2
5 2
6 2
7 2
8 2
3 2
2 2
3 2
2 2
3 2
4 2
5 2
6 3
7 2
2 2
3 3
4 2
2 2
3 2
4 2
5 2
6 2
2 2
3 2
4 2
5 2
6 3
7 2
2 2
3 2
4 2
2 2
2 2
3 3
4 3
2 2
3 3
4 3
5 3
2 2
3 3
2 2
2 2
3 3
4 3
5 3
6 3
7 3
3 3
4 3
5 3
6 3
7 3
2 2
3 3
4 3
5 3
6 3
7 3
3 3
4 3
5 3
6 3
7 3
8 3
3 3
4 3
5 3
3 3
4 3
5 3
6 3
7 3
8 3
4 3
3 3
3 3
3 3
3 3
4 3
5 3
6 3
7 3
8 3
4 3
5 3
6 3
7 3
8 3
9 3
4 3
3 3
4 3
3 3
4 3
5 3
6 3
7 3
8 3
3 3
4 3
5 3
3 3
4 3
5 3
6 3
7 3
3 3
4 3
5 3
6 3
7 4
8 3
3 3
4 3
5 3
3 3
3 3
4 4
5 4
3 3
4 4
5 4
6 4
3 3
4 4
3 3
3 3
4 4
5 4
6 4
7 4
8 4
4 4
5 4
6 4
7 4
8 4
3 3
4 4
5 4
6 4
7 4
8 4
4 4
5 4
6 4
7 4
8 4
9 4
4 4
5 4
6 4
4 4
5 4
6 4
7 4
8 4
9 4
5 4
4 4
4 4
4 4
4 4
5 4
6 4
7 4
8 4
9 4
5 4
6 4
7 4
8 4
9 4
10 4
5 4
4 4
5 4
4 4
5 4
6 4
7 4
8 4
9 4
4 4
5 4
6 4
4 4
5 4
6 4
7 4
8 4
4 4
5 4
6 4
7 4
8 5
9 4
4 4
5 4
6 4
4 4
4 4
5 5
6 5
4 4
5 5
6 5
7 5
4 4
5 5
4 4
4 4
5 5
6 5
7 5
8 5
9 5
5 5
6 5
7 5
8 5
9 5
4 4
5 5
6 5
7 5
8 5
9 5
5 5
6 5
7 5
8 5
9 5
10 5
5 5
6 5
7 5
5 5
6 5
7 5
8 5
9 5
10 5
6 5
5 5
5 5
5 5
5 5
6 5
7 5
8 5
9 5
10 5
6 5
7 5
8 5
9 5
10 5
11 5
6 5
5 5
6 5
5 5
6 5
7 5
8 5
9 5
10 5
5 5
6 5
7 5
5 5
6 5
7 5
8 5
9 5
5 5
6 5
7 5
8 5
9 6
10 5
5 5
6 5
7 5
5 5
5 5
6 6
7 6
5 5
6 6
7 6
8 6
5 5
6 6
5 5
5 5
6 6
7 6
8 6
9 6
10 6
6 6
7 6
8 6
9 6
10 6
5 5
6 6
7 6
8 6
9 6
10 6
6 6
7 6
8 6
9 6
10 6
11 6
6 6
7 6
8 6
6 6
7 6
8 6
9 6
10 6
11 6
7 6
6 6
6 6
6 6
6 6
7 6
8 6
9 6
10 6
11 6
7 6
8 6
9 6
10 6
11 6
12 6
7 6
6 6
7 6
6 6
7 6
8 6
9 6
10 6
11 6
6 6
7 6
8 6
6 6
7 6
8 6
9 6
10 6
6 6
7 6
8 6
9 6
10 7
11 6
6 6
7 6
8 6
6 6
6 6
7 7
8 7
6 6
7 7
8 7
9 7
6 6
7 7
6 6
6 6
7 7
