3 2
4 2
5 2
6 2
7 2
8 2
9 2
10 2
2 2
3 2
4 2
5 2
2 2
2 2
3 2
2 2
3 2
2 2
3 2
4 2
5 2
2 2
3 2
4 2
5 2
6 2
2 2
2 2
2 2
2 2
3 2
4 2
2 2
3 2
4 2
2 2
3 2
4 2
5 2
2 2
3 2
4 2
5 2
6 2
2 2
2 2
3 2
2 2
2 2
3 2
4 2
2 2
3 2
2 2
2 2
2 2
2 2
3 2
2 2
3 2
4 2
2 2
3 2
4 2
2 2
2 2
3 2
2 2
2 2
2 2
2 2
3 2
4 2
5 2
6 2
7 2
8 2
2 2
3 2
4 2
5 2
6 2
7 2
8 2
2 2
3 2
2 2
2 2
2 2
2 2
2 2
3 2
2 2
3 3
4 2
2 2
2 2
3 3
4 3
5 3
6 3
7 3
8 3
9 3
10 3
11 3
3 3
4 3
5 3
6 3
3 3
3 3
4 3
3 3
4 3
3 3
4 3
5 3
6 3
3 3
4 3
5 3
6 3
7 3
3 3
3 3
3 3
3 3
4 3
5 3
3 3
4 3
5 3
3 3
4 3
5 3
6 3
3 3
4 3
5 3
6 3
7 3
3 3
3 3
4 3
3 3
3 3
4 3
5 3
3 3
4 3
3 3
3 3
3 3
3 3
4 3
3 3
4 3
5 3
3 3
4 3
5 3
3 3
3 3
4 3
3 3
3 3
3 3
3 3
4 3
5 3
6 3
7 3
8 3
9 3
3 3
4 3
5 3
6 3
7 3
8 3
9 3
3 3
4 3
3 3
3 3
3 3
3 3
3 3
4 3
3 3
4 3
5 3
3 3
3 3
4 4
5 4
6 4
7 4
8 4
9 4
10 4
11 4
12 4
4 4
5 4
6 4
7 4
4 4
4 4
5 4
4 4
5 4
4 4
5 4
6 4
7 4
4 4
5 4
6 4
7 4
8 4
4 4
4 4
4 4
4 4
5 4
6 4
4 4
5 4
6 4
4 4
5 4
6 4
7 4
4 4
5 4
6 4
7 4
8 4
4 4
4 4
5 4
4 4
4 4
5 4
6 4
4 4
5 4
4 4
4 4
4 4
4 4
5 4
4 4
5 4
6 4
4 4
5 4
6 4
4 4
4 4
5 4
4 4
4 4
4 4
4 4
5 4
6 4
7 4
8 4
9 4
10 4
4 4
5 4
6 4
7 4
8 4
9 4
10 4
4 4
5 4
4 4
4 4
4 4
4 4
4 4
5 4
4 4
5 4
6 4
4 4
4 4
5 5
6 5
7 5
8 5
9 5
10 5
11 5
12 5
13 5
5 5
6 5
7 5
8 5
5 5
5 5
6 5
5 5
6 5
5 5
6 5
7 5
8 5
5 5
6 5
7 5
8 5
9 5
5 5
5 5
5 5
5 5
6 5
7 5
5 5
6 5
7 5
5 5
6 5
7 5
8 5
5 5
6 5
7 5
8 5
9 5
5 5
5 5
6 5
5 5
5 5
6 5
7 5
5 5
6 5
5 5
5 5
5 5
5 5
6 5
5 5
6 5
7 5
5 5
6 5
7 5
5 5
5 5
6 5
5 5
5 5
5 5
5 5
6 5
7 5
8 5
9 5
10 5
11 5
5 5
6 5
7 5
8 5
9 5
10 5
11 5
5 5
6 5
5 5
5 5
5 5
5 5
5 5
6 5
5 5
6 5
7 5
5 5
5 5
6 6
7 6
8 6
9 6
10 6
11 6
12 6
13 6
14 6
6 6
