4 4
5 5
6 2
7 3
8 4
9 5
10 6
11 7
12 2
13 3
14 4
15 5
16 6
17 7
18 8
19 2
20 3
21 4
22 5
23 6
24 7
25 8
26 2
27 3
28 4
29 5
30 6
31 7
32 8
33 9
34 10
35 11
36 12
37 13
38 14
39 15
40 3
41 4
2 2
3 3
4 4
5 5
6 6
7 3
8 4
9 5
10 6
11 7
12 8
13 3
14 4
2 2
3 3
4 4
5 5
6 6
7 3
8 4
2 2
3 3
4 4
5 5
6 3
7 3
8 4
9 5
10 6
11 7
12 8
13 3
14 4
15 5
16 6
17 7
18 8
19 9
20 3
21 4
22 5
23 3
24 4
25 5
26 6
27 3
28 4
29 5
30 6
31 7
32 8
33 9
34 4
35 5
36 3
37 4
2 2
3 3
4 4
5 4
6 5
7 3
8 4
9 5
10 6
11 4
12 4
13 3
14 4
15 5
16 6
17 7
18 4
19 5
20 3
21 4
22 5
23 6
24 4
25 4
26 5
27 3
28 4
29 5
30 6
31 4
32 4
33 5
34 6
35 7
36 8
37 9
38 4
39 5
40 6
41 4
42 5
3 3
4 4
5 4
6 5
7 6
8 4
9 5
10 6
11 7
12 4
13 5
14 4
15 5
3 3
4 4
5 5
6 5
7 6
8 4
9 5
3 3
4 4
5 5
6 5
7 4
8 4
9 5
10 6
11 7
12 5
13 5
14 4
15 5
16 6
17 7
18 5
19 5
20 6
21 4
22 5
23 6
24 4
25 5
26 5
27 6
28 4
29 5
30 6
31 7
32 5
33 5
34 6
35 5
36 6
37 4
38 5
3 3
4 4
5 5
6 5
7 6
8 4
9 5
10 5
11 6
12 5
13 5
14 4
15 5
16 6
17 5
18 6
19 5
20 6
21 4
22 5
23 6
24 6
25 5
26 5
27 6
28 4
29 5
30 6
31 6
32 5
33 5
34 6
35 7
36 6
37 6
38 6
39 5
40 6
41 7
42 5
43 6
4 4
5 5
6 5
7 6
8 7
9 5
10 6
11 6
12 7
13 5
14 6
15 5
16 6
4 4
5 5
6 6
7 6
8 7
9 5
10 6
4 4
5 5
6 6
7 6
8 5
9 5
10 6
11 6
12 7
13 6
14 6
15 5
16 6
17 7
18 6
19 6
20 6
21 7
22 5
23 6
24 7
25 5
26 6
27 6
28 7
29 5
30 6
31 7
32 7
33 6
34 6
35 7
36 6
37 7
38 5
39 6
4 4
5 5
6 6
7 6
8 7
9 5
10 6
11 6
12 7
13 6
14 6
15 5
16 6
17 7
18 6
19 7
20 6
21 7
22 5
23 6
24 7
25 7
26 6
27 6
28 7
29 5
30 6
31 7
32 7
33 6
34 6
35 7
36 7
37 7
38 7
39 7
40 6
41 7
42 8
43 6
44 7
5 5
6 6
7 6
8 7
9 8
10 6
11 7
12 7
13 8
14 6
15 7
16 6
17 7
5 5
6 6
7 7
8 7
9 8
10 6
11 7
5 5
6 6
7 7
8 7
9 6
10 6
11 7
12 7
13 8
14 7
15 7
16 6
17 7
18 8
19 7
20 7
21 7
22 8
23 6
24 7
25 8
26 6
27 7
28 7
29 8
30 6
31 7
32 8
33 8
34 7
35 7
36 8
37 7
38 8
39 6
40 7
5 5
6 6
7 7
8 7
9 8
10 6
11 7
12 7
13 8
14 7
15 7
16 6
17 7
18 8
19 7
20 8
