3 3
4 4
5 5
6 4
7 2
8 3
9 4
10 5
11 6
12 4
13 5
14 3
15 4
16 5
17 6
18 7
19 8
2 2
3 3
4 4
5 5
6 6
7 5
8 3
9 4
10 5
11 2
12 3
13 4
14 5
15 4
16 5
17 2
18 3
19 4
20 5
3 3
4 4
5 3
6 4
7 5
8 6
9 4
10 5
2 2
3 3
4 4
5 5
6 6
7 5
2 2
3 3
4 4
5 5
6 6
7 4
8 3
9 4
10 5
11 6
12 2
13 3
14 4
15 3
16 4
17 5
18 6
19 7
20 6
3 3
4 4
5 5
6 3
7 4
8 5
9 4
10 5
11 6
2 2
3 3
4 4
5 5
6 4
7 5
8 3
9 4
10 5
11 6
12 4
13 5
14 3
15 4
16 5
17 6
18 5
19 6
2 2
3 3
4 4
5 5
6 6
7 5
8 3
9 4
10 5
11 6
12 3
13 4
14 4
15 4
16 5
17 6
18 3
19 4
20 5
3 3
4 4
5 5
6 4
7 5
8 6
9 4
10 5
11 6
12 3
13 4
14 5
15 5
16 5
17 6
18 3
19 4
20 5
21 6
4 4
5 5
6 4
7 5
8 6
9 7
10 3
11 4
3 3
4 4
5 5
6 6
7 6
8 6
3 3
4 4
5 5
6 6
7 4
8 5
9 4
10 5
11 6
12 7
13 3
14 4
15 5
16 4
17 5
18 6
19 4
20 5
21 6
4 4
5 5
6 6
7 4
8 5
9 6
10 5
11 6
12 7
3 3
4 4
5 5
6 6
7 5
8 6
9 4
10 5
11 6
12 7
13 4
14 5
15 4
16 5
17 6
18 7
19 4
20 5
3 3
4 4
5 5
6 6
7 5
8 6
9 4
10 5
11 6
12 7
13 4
14 5
15 5
16 5
17 6
18 7
19 4
20 5
21 6
4 4
5 5
6 6
7 5
8 6
9 7
10 5
11 4
12 5
13 4
14 5
15 6
16 6
17 6
18 7
19 4
20 5
21 6
22 7
5 5
6 6
7 5
8 6
9 7
10 8
11 4
12 5
4 4
5 5
6 6
7 7
8 5
9 6
4 4
5 5
6 6
7 7
8 5
9 6
10 5
11 6
12 7
13 8
14 4
15 5
16 6
17 5
18 6
19 7
20 5
21 6
22 7
5 5
6 5
7 6
8 5
9 6
10 7
11 6
12 5
13 6
4 4
5 5
6 6
7 7
8 6
9 7
10 5
11 6
12 7
13 8
14 5
15 6
16 5
17 6
18 7
19 8
20 5
21 6
4 4
5 5
6 6
7 7
8 6
9 7
10 5
11 6
12 5
13 6
14 5
15 6
16 6
17 6
18 7
19 8
20 5
21 6
22 7
5 5
6 6
7 7
8 6
9 7
10 8
11 6
12 5
13 6
14 5
15 6
16 7
17 7
18 6
19 7
20 5
21 6
22 7
23 8
6 6
7 7
8 6
9 7
10 8
11 9
12 5
13 6
5 5
6 6
7 7
8 8
9 6
10 7
5 5
6 6
7 6
8 7
9 6
10 7
11 6
12 7
13 6
14 7
15 5
16 6
17 7
18 6
19 7
20 8
21 6
22 7
23 8
6 6
7 6
8 7
9 6
10 7
11 8
12 7
13 6
14 7
5 5
6 6
7 7
8 8
9 7
10 8
11 6
12 7
13 6
14 7
15 6
16 7
17 6
18 7
19 8
20 9
21 6
22 7
5 5
6 6
7 7
8 8
9 7
10 8
11 6
12 7
13 6
14 7
15 6
