3 3
4 3
5 2
6 3
7 4
8 5
9 3
10 3
11 3
2 2
3 3
4 4
5 3
6 3
7 4
8 5
9 4
10 3
11 4
3 3
3 3
4 4
5 4
6 3
7 4
8 5
9 2
10 3
11 4
12 2
3 3
4 4
5 5
6 4
7 4
8 5
2 2
3 3
4 4
5 3
6 3
7 4
8 5
9 5
10 3
11 4
3 3
3 3
4 4
5 4
6 3
7 4
8 5
9 6
10 4
11 4
12 2
3 3
4 4
5 2
6 3
7 4
8 2
9 3
10 4
11 4
2 2
3 3
4 4
2 2
3 3
4 4
5 3
6 3
7 3
8 4
2 2
3 3
4 4
5 3
6 3
7 4
8 4
9 3
10 3
11 4
3 3
3 3
4 4
5 4
6 3
7 4
8 4
9 4
10 4
11 4
12 4
3 3
4 4
5 5
6 4
7 4
8 5
9 5
10 3
11 4
12 5
4 3
4 4
5 5
6 3
7 4
8 5
9 5
10 3
11 4
12 5
13 3
4 4
5 5
6 4
7 4
8 4
9 5
3 3
4 4
5 5
6 4
7 4
8 5
9 5
10 4
11 4
12 5
4 3
4 4
5 5
6 3
7 4
8 5
9 3
10 4
11 5
12 3
13 3
4 4
5 5
6 3
7 4
8 5
9 3
10 4
11 4
12 4
3 3
4 4
5 5
3 3
4 4
5 5
6 4
7 4
8 4
9 5
3 3
4 4
5 5
6 4
7 4
8 5
9 5
10 4
11 4
12 5
4 4
4 4
5 5
6 5
7 4
8 5
9 5
10 5
11 4
12 5
13 5
4 4
5 5
6 6
7 4
8 5
9 6
10 4
11 4
12 5
13 6
5 4
5 5
6 6
7 4
8 5
9 5
10 5
11 4
12 5
13 6
14 4
5 5
6 6
7 5
8 5
9 5
10 6
4 4
5 5
6 6
7 4
8 5
9 6
10 4
11 5
12 5
13 4
5 4
5 5
6 4
7 4
8 5
9 6
10 4
11 5
12 5
13 4
14 4
5 5
6 5
7 4
8 5
9 6
10 4
11 5
12 5
13 5
4 4
5 5
6 6
4 4
5 5
6 6
7 5
8 5
9 5
10 6
4 4
5 5
6 6
7 5
8 5
9 6
10 6
11 5
12 5
13 6
5 5
5 5
6 6
7 6
8 5
9 6
10 6
11 5
12 5
13 6
14 5
5 5
6 6
7 7
8 5
9 6
10 6
11 5
12 5
13 6
14 6
6 5
6 6
7 7
8 5
9 6
10 6
11 6
12 5
13 6
14 7
15 5
6 6
7 7
8 5
9 6
10 6
11 5
5 5
6 6
7 5
8 5
9 6
10 5
11 5
12 6
13 6
14 5
6 5
6 6
7 5
8 5
9 6
10 6
11 5
12 6
13 6
14 5
15 5
6 6
7 6
8 5
9 6
10 7
11 5
12 6
13 6
14 6
5 5
6 6
7 7
5 5
6 6
7 7
8 6
9 6
10 6
11 7
5 5
6 6
7 7
8 6
9 6
10 7
11 7
12 6
13 6
14 7
6 6
6 6
7 7
8 6
9 6
10 7
11 7
12 6
13 6
14 7
15 6
6 6
7 7
8 7
9 6
10 7
11 7
12 6
13 6
14 7
15 7
7 6
7 7
8 8
9 6
10 7
11 7
12 6
13 6
14 7
15 6
16 6
7 7
8 6
9 6
10 7
11 6
12 6
6 6
7 7
8 6
9 6
10 7
11 6
12 6
13 7
14 7
15 6
7 6
7 7
8 6
